15076101
15076102
15076105
15076108
15076109
15077001
15077002
15077003
15077004
15077006
15077007
15077008
15077011
15077012
15077014
15077015
15077017
15077018
15077019
15077020
15077033
15077035
15077036
15077039
15077042
15077043
15077044
15077045
15077046
15077047
15077048
15077049
15077050
15077051
15077055
15077056
15077057
15077059
15077060
15077061
15077062
15077063
15077066
15077067
15077069
15077070
15077079
15077080
15078001
15078002
15078003
15078004
15078005
15078006
15078011
15078017
15078018
15078019
15078021
15078069
15078071
15078073
15078074
15078075
15078103
15078104
15078107
15078108
15078109
15078110
15078111
15078113
15079001
15079002
15079003
15079009
15079010
15079013
15079014
15079016
15079017
15079018
15079019
15079020
15079021
15079022
15079023
15079024
15079025
15079026
15079027
15079041
15079042
15079046
15079047
15079048
15079050
15079051
15079052
15079056
15079057
15079058
15079059
15079060
15079061
15079062
15079063
15080002
15080003
15080004
15080005
15080006
15080007
15080008
15080009
15080010
15080011
15080012
15080013
15080014
15080015
15080016
15080024
15080029
15080035
15080036
15080037
15080038
15080039
15080041
15080042
15080043
15080044
15080045
15080053
15080054
15080055
15080056
15080057
15080058
15080059
15080060
15080061
15080062
15080063
15080064
15081001
15081002
15081003
15081004
15081005
15081006
15081007
15081008
15081009
15081010
15081011
15081012
15081013
15081014
15081015
15081016
15081017
15081022
15081023
15081024
15081025
15081026
15081027
15081028
15081029
15081034
15081036
15081037
15081038
15081041
15081042
15081043
15081044
15082004
15082005
15082007
15082008
15082009
15082013
15082014
15082016
15082017
15082018
15082021
15082022
15082023
15082024
15082025
15082028
15082030
15082031
15082052
15082053
15082055
15082056
15082057
15082058
15082059
15082060
15082064
15082065
15082066
15082067
15082069
15082071
15082073
15082074
15082075
15083002
15083003
15083004
15083005
15083007
15083008
15083009
15083010
15083014
15083015
15083017
15083019
15083021
15083023
15083024
15083025
15083027
15083028
15083029
15083030
15083031
15084002
15084006
15084007
15084008
15084009
15084010
15084011
15084022
15084025
15084027
15084028
15084029
15084030
15084031
15084036
15084037
15084038
15084039
15084040
15084052
15084053
15084054
15084055
15084058
15084059
15084060
15084061
15084062
15084063
15084064
15084066
15084067
15084068
15084069
15084070
15084091
15084092
15084093
15085001
15085002
15085003
15085004
15085005
15085006
15085007
15085008
15085010
15085012
15085013
15085014
15085015
15085016
15085017
15085018
15085019
15085020
15085021
15085022
15085115
15086001
15086003
15086004
15086005
15086006
15086007
15086009
15086010
15086011
15086012
15086013
15086014
15086016
15086017
15086018
15086046
15086050
15086051
15086054
15086055
15086058
15086060
15086061
15086062
15086063
15086064
15086065
15086066
15086067
15086068
15086069
15086072
15086073
15086074
15086075
15086076
15086077
15086078
15086079
15086082
15087001
15087002
15087004
15087006
15087007
15087008
15087009
15087010
15087011
15087012
15087013
15087016
15087017
15087018
15087019
15087020
15087022
15087036
15087037
15087038
15087039
15087040
15087041
15087042
15087043
15087046
15087047
15087049
15087050
15087055
15087056
15087058
15088003
15088004
15088005
15088006
15088069
15089002
15089004
15089005
15089006
15089007
15089008
15089009
15089010
15089023
15089024
15089025
15089026
15089027
15089028
15089029
15089030
15089031
15089032
15089033
15089034
15089036
15089037
15089038
15089039
15089040
15089041
15089042
15089044
15089045
15089051
15089052
15089053
15090002
15090003
15090004
15090005
15090006
15090007
15090008
15090010
15090020
15090022
15090038
15090039
15090047
15090048
15090049
15090050
15090053
15090054
15090056
15090058
15090059
15090060
15090062
15090063
15090064
15090065
15090066
15090067
15090068
15091006
15091007
15091024
15091025
15091026
15091027
15091028
15091029
15091033
15091034
15091036
15091037
15091038
15091040
15091041
15091042
15091045
15091046
15092004
15092005
15092007
15092008
15092009
15092011
15092012
15092013
15092016
15092017
15092018
15092077
15092078
15092079
15093001
15093002
15093003
15093004
15093005
15093006
15093007
15093008
15093010
15093011
15093013
15093015
15093016
15093017
15093018
15093031
15093034
15093035
15093036
15093037
15093038
15093039
15093040
15093041
15093043
15093044
15093045
15093046
15093048
15093049
15093050
15093051
15093052
15093053
15093054
15093061
15093062
15093063
15093064
15094001
15094002
15094007
15094008
15094009
15094010
15094011
15094012
15094013
15094014
15094015
15094016
15094017
15094019
15094020
15094056
15094057
15094058
15094059
15094060
15094064
15094065
15094066
15094069
15094070
15094071
15094073
15095008
15095009
15095010
15095011
15095012
15095013
15095014
15095016
15095017
15095018
15095019
15095020
15095021
15095022
15095023
15095024
15095025
15095026
15095027
15095028
15095035
15095036
15095037
15095038
15095039
15095040
15095041
15095042
15095045
15095046
15095047
15095048
15095049
15095050
15095051
15095052
15096012
15096013
15096014
15096015
15096016
15096017
15096018
15096019
15096020
15096021
15096022
15096023
15096024
15096025
15096026
15096027
15096028
15096029
15096030
15096031
15096032
15096050
15096052
15096053
15096054
15096055
15096056
15096057
15096058
15096059
15097005
15097006
15097007
15097008
15097009
15097010
15097011
15097012
15097013
15097016
15097018
15097019
15097020
15097021
15097022
15097023
15097024
15097025
15097026
15097027
15097028
15097029
15097030
15097032
15097034
15097039
15097040
15097041
15097042
15097043
15097044
15097046
15097049
15097050
15097051
15097054
15097055
15097056
15097057
15097059
15097061
15097062
15097063
15097064
15097065
15098001
15098002
15098003
15098005
15098007
15098008
15098010
15098011
15098012
15098013
15098014
15098015
15098016
15098017
15098018
15098019
15098020
15098021
15098022
15098024
15098028
15098029
15098035
15098036
15098037
15098038
15098039
15098040
15098041
15098042
15098067
15098068
15098069
15098070
15098071
15098072
15098073
15098074
15098075
15098076
15098077
15099001
15099002
15100009
15100010
15100011
15100024
15100025
15100026
15100027
15100028
15100029
15100030
15100031
15100032
15100033
15100035
15100036
15100037
15100038
15100039
15100040
15100100
15100101
15100102
15100103
15100124
15101001
15101002
15101003
15101004
15101005
15101006
15101007
15101008
15101009
15101010
15101011
15101012
15101013
15101014
15101015
15101016
15101017
15101018
15101019
15101020
15101021
15101022
15101023
15101040
15101041
15101042
15101043
15101044
15101045
15101046
15101047
15101048
15101049
15101050
15101051
15102006
15102007
15102008
15102009
15102010
15102011
15102012
15102013
15102014
15102015
15102016
15102017
15102018
15102019
15102020
15102021
15102022
15102023
15102024
15102026
15102032
15102033
15102034
15102035
15102036
15102037
15102038
15102039
15102040
15102041
15102042
15102043
15102044
15102046
15102047
15102050
15102053
15102056
15102057
15102058
15102059
15102060
15102068
15103010
15103011
15103013
15103014
15103015
15103016
15103017
15103018
15103019
15103020
15103021
15103022
15103023
15103024
15103025
15103026
15103027
15103028
15103029
15103030
15103031
15103042
15103043
15103045
15103046
15103049
15103050
15103051
15103052
15103053
15103054
15103055
15103056
15103057
15103058
15103059
15103060
15103062
15104002
15104003
15104004
15104006
15104007
15104008
15104010
15104011
15104012
15104013
15104014
15104015
15104016
15104017
15104018
15104019
15104020
15104021
15104022
15104023
15104024
15104037
15104039
15104040
15104042
15104043
15104044
15104052
15104053
15104054
15104055
15104056
15104057
15104058
15104059
15104060
15104062
15104063
15104064
15104065
15104066
15104067
15104068
15104069
15104070
15105001
15105002
15105003
15105004
15105005
15105006
15105008
15105010
15105012
15105013
15105015
15105016
15105017
15105018
15105019
15105020
15105021
15105023
15105024
15105025
15105026
15105028
15105029
15105030
15105031
15105032
15105033
15105054
15105055
15105056
15105057
15105058
15105061
15105062
15105063
15105064
15105065
15105067
15105068
15105070
15105071
15105072
15105073
15106001
15106002
15106005
15106008
15106009
15106010
15106011
15106131
15106132
15106133
15106134
15106135
15106136
15107001
15107002
15107003
15107004
15107005
15107006
15107008
15107009
15107010
15107011
15107013
15107014
15107015
15107063
15107064
15107065
15107073
15107074
15107075
15107076
15107077
15107078
15107079
15107080
15107081
15107082
15107083
15107084
15107085
15107086
15107087
15107088
15107089
15107090
15108001
15108003
15108004
15108005
15108007
15108008
15108009
15108010
15108011
15108012
15108013
15108014
15108015
15108016
15108017
15108018
15108019
15108020
15108021
15108022
15108023
15108024
15108025
15108027
15108028
15108056
15108057
15108058
15108059
15108063
15108069
15108072
15108073
15108074
15108075
15108076
15108077
15108078
15108079
15108080
15109001
15109002
15109004
15109005
15109006
15109007
15109008
15109009
15109010
15109011
15109012
15109013
15109019
15109020
15109021
15109024
15109025
15109026
15109027
15109028
15109029
15109030
15109031
15109032
15109035
15109036
15109037
15109038
15109039
15109040
15109041
15109042
15109043
15109045
15109046
15109051
15109052
15109054
15109055
15109056
15109057
15109058
15109059
15109060
15109061
15109062
15109063
15109065
15110001
15110002
15110003
15110004
15110005
15110008
15110009
15110010
15110011
15110012
15110013
15110015
15110016
15110017
15110019
15110020
15110021
15110022
15110023
15110024
15110025
15110026
15110027
15110028
15110029
15110030
15110031
15110032
15110033
15110034
15110035
15110038
15110039
15110040
15110041
15110042
15110043
15110045
15110046
15110047
15110048
15110049
15110050
15110051
15110052
15110053
15110058
15111001
15111002
15111003
15111004
15111005
15111006
15111007
15111008
15111009
15111010
15111011
15111012
15111013
15111014
15111015
15111016
15111050
15111051
15111052
15111053
15111065
15111066
15111067
15111068
15112001
15112003
15112004
15112005
15112006
15112007
15112009
15112010
15112011
15112012
15112013
15112014
15112019
15112020
15112021
15112022
15112023
15112024
15112025
15112026
15112027
15112028
15112029
15112030
15112031
15112033
15112034
15112035
15112036
15112037
15112038
15112039
15112040
15112041
15112042
15112043
15112044
15112045
15112046
15112047
15112048
15112049
15112050
15112051
15113001
15113004
15113005
15113006
15113009
15113010
15113011
15113012
15113103
15113104
15114001
15114002
15114003
15114010
15114011
15114012
15114013
15114016
15114017
15114018
15114019
15114020
15114021
15114022
15114023
15114024
15114025
15114026
15114027
15114028
15114034
15114035
15114036
15114037
15114038
15114039
15114040
15114041
15114042
15114043
15114044
15114045
15114046
15114047
15114048
15114050
15114051
15114052
15114053
15114054
15114055
15114056
15114057
15114058
15115012
15115013
15115014
15115067
15115068
15115069
15115070
15115071
15115072
15115073
15115074
15115075
15115076
15115077
15115078
15115079
15115080
15115082
15115083
15115084
15115085
15115086
15115087
15115088
15116002
15116003
15116004
15116005
15116015
15116016
15116017
15116018
15116019
15116020
15116021
15116026
15116029
15116032
15116033
15116034
15116035
15116036
15116037
15116039
15116040
15116041
15116042
15116047
15116048
15116049
15116050
15116051
15116052
15116054
15116055
15116056
15116057
15116058
15116059
15116060
15116061
15116062
15116068
15117002
15117003
15117004
15117005
15117050
15117051
15117052
15117053
15117054
15117055
15117056
15117057
15117058
15117059
15117060
15117061
15117062
15117063
15117064
15117065
15117066
15117067
15117068
15117069
15117070
15118003
15118004
15118005
15118006
15118007
15118008
15118009
15118011
15118013
15118014
15118015
15118016
15118017
15118018
15118019
15118020
15118021
15118022
15118023
15118024
15118052
15118053
15118054
15118055
15118056
15118057
15118058
15118059
15118060
15118063
15118064
15118065
15118066
15119008
15119009
15119011
15119012
15119013
15119014
15119015
15119018
15119019
15119020
15119021
15119022
15119023
15119024
15119025
15119026
15119027
15119028
15119029
15119031
15119034
15119035
15119036
15119042
15119043
15119045
15119046
15119049
15119051
15119052
15119053
15119054
15119055
15119056
15119057
15119058
15119059
15119061
15119063
15119064
15119065
15120001
15120002
15120004
15120005
15120006
15120007
15120008
15120009
15120011
15120105
15120106
15120108
15120109
15120115
15120117
15121001
15121002
15121003
15121004
15121005
15121006
15121007
15121008
15121009
15121012
15121013
15121015
15121016
15121017
15121018
15121060
15121061
15121062
15121063
15121065
15121066
15121067
15121068
15121070
15121071
15121072
15121076
15121077
15121078
15122003
15122004
15122006
15122008
15122010
15122011
15122017
15122018
15122019
15122020
15122023
15122026
15122027
15122030
15122031
15122034
15122039
15122041
15122042
15122043
15122044
15122045
15122046
15122047
15122048
15122049
15122056
15122057
15122058
15122059
15122060
15122061
15122062
15122063
15122064
15122065
15123001
15123002
15123003
15123006
15123009
15123010
15123011
15123013
15123014
15123015
15123016
15123017
15123018
15123019
15123020
15123021
15123022
15123023
15123024
15123025
15123026
15123027
15123028
15123034
15123035
15123036
15123037
15123044
15123045
15123047
15123048
15123049
15123050
15123051
15123053
15123054
15124001
15124002
15124003
15124004
15124006
15124008
15124010
15124021
15124022
15124023
15124025
15124026
15124027
15124028
15124031
15124032
15124033
15124034
15124035
15124040
15124041
15124042
15124043
15124044
15124049
15124050
15124052
15124053
15124054
15124055
15124056
15124057
15124058
15124060
15124061
15124062
15124063
15125001
15125002
15125003
15125007
15125060
15125061
15125062
15125064
15125065
15125067
15125070
15125071
15125072
15125073
15125074
15125075
15126002
15126004
15126006
15126008
15126009
15126010
15126011
15126012
15126013
15126015
15126016
15126017
15126018
15126019
15126021
15126022
15126023
15126036
15126037
15126038
15126039
15126040
15126044
15126045
15126046
15126047
15126048
15126049
15126050
15126051
15126052
15126053
15126054
15126060
15126061
15127001
15127002
15127003
15127004
15127005
15127006
15127007
15127009
15127010
15127011
15127012
15127013
15128015
15128016
15128017
15128018
15128019
15128020
15128021
15128022
15128024
15128025
15128026
15128027
15128028
15128029
15128030
15128031
15128032
15128033
15128048
15128049
15128050
15128051
15128052
15129001
15129002
15129003
15129004
15129006
15129007
15129009
15129010
15129011
15129012
15129013
15129014
15129015
15129016
15129017
15129018
15129022
15129045
15129046
15129047
15129048
15129049
15129050
15129051
15129052
15130001
15130002
15130003
15130004
15130005
15130006
15130007
15130008
15130009
15130011
15130013
15130014
15130015
15130016
15130031
15130032
15130033
15130034
15130035
15130036
15130037
15130038
15130040
15130041
15130042
15130043
15130044
15130045
15130046
15130047
15130048
15130054
15130055
15130056
15131001
15131002
15131003
15131004
15131005
15131006
15131007
15131008
15131009
15131010
15131011
15131012
15131013
15131014
15131030
15131031
15131033
15131034
15131035
15131036
15131037
15131039
15131040
15131041
15131042
15131043
15131044
15131045
15131046
15131047
15131048
15131049
15131050
15131051
15131052
15131053
15132002
15132003
15132004
15132005
15132006
15132007
15132008
15132009
15132010
15132011
15132012
15132014
15132015
15132016
15132017
15132018
15132019
15132022
15132023
15132024
15132025
15132026
15132028
15132029
15132030
15132031
15132032
15132033
15132034
15132035
15132036
15132037
15132038
15133002
15133004
15133005
15133006
15133008
15133009
15133010
15133011
15133012
15133013
15133014
15133017
15133018
15133019
15133020
15133021
15133031
15133032
15133033
15133034
15133035
15133036
15133037
15133038
15133039
15133040
15133041
15133042
15133043
15133044
15133045
15133047
15133049
15133050
15133051
15133053
15133054
15133055
15133056
15134001
15134002
15134003
15134004
15134006
15134007
15134008
15134009
15134010
15134050
15134051
15134053
15134055
15134056
15134057
15134058
15134060
15134062
15134063
15135004
15135005
15135006
15135007
15135008
15135009
15135010
15135011
15135012
15135013
15135014
15135015
15135016
15135062
15135063
15135064
15135065
15136001
15136002
15136003
15136004
15136005
15136006
15136007
15136008
15136009
15136011
15136012
15136013
15136014
15136015
15136016
15136017
15136033
15136034
15136035
15136036
15136037
15136038
15136039
15136040
15136041
15136042
15137025
15137026
15137027
15137028
15137029
15137030
15137032
15137033
15137034
15137035
15137036
15137037
15137038
15137050
15137051
15137052
15137053
15138035
15138056
15138057
15138058
15138059
15138060
15138061
15138062
15138063
15138064
15138065
15138066
15138067
15138068
15138069
15138070
15138071
15138074
15138075
15139003
15139008
15139009
15139010
15139012
15139013
15139015
15139016
15139017
15139018
15139020
15139021
15139022
15139023
15139024
15139025
15139026
15139037
15139038
15139039
15139040
15139041
15139042
15139043
15139044
15139045
15139046
15139047
15139050
15139051
15139052
15140002
15140003
15140004
15140005
15140006
15140007
15140011
15140012
15140013
15140014
15140015
15140017
15140018
15140019
15140020
15140021
15140022
15140023
15140025
15140026
15140027
15140028
15140029
15140030
15140031
15140032
15140034
15140035
15140036
15140037
15140045
15140046
15140047
15140048
15140049
15140050
15140051
15140052
15140053
15140054
15140055
15141001
15141002
15141003
15141004
15141006
15141007
15141009
15141010
15141011
15141012
15141013
15141048
15142003
15142004
15142005
15142006
15142008
15142011
15142012
15142013
15142014
15142015
15142018
15142019
15142020
15142021
15142022
15142025
15142054
15142055
15142058
15143010
15143011
15143012
15143013
15143026
15143027
15143028
15143029
15143030
15143031
15143032
15143033
15143034
15143035
15143036
15143037
15143038
15143039
15143040
15143049
15143051
15143052
15144001
15144003
15144004
15144005
15144006
15144007
15144008
15144009
15144010
15144011
15144012
15144013
15144014
15144015
15144017
15144018
15144026
15144027
15144028
15144032
15144033
15144034
15144035
15144036
15144037
15144039
15144040
15144043
15144044
15144046
15144047
15144049
15144052
15144054
15144056
15144058
15144060
15144062
15144063
15144064
15144065
15144067
15144068
15144070
15145003
15145004
15145005
15145006
15145007
15145008
15145009
15145010
15145012
15145013
15145014
15145015
15145016
15145017
15145018
15145019
15145020
15145021
15145022
15145023
15145024
15145029
15145031
15145032
15145033
15145034
15145035
15145036
15145037
15145038
15145056
15145060
15145061
15145062
15145063
15145064
15146001
15146002
15146003
15146004
15146006
15146008
15146009
15146010
15146013
15146017
15146020
15146023
15146025
15146026
15146042
15146043
15146044
15146045
15146046
15146049
15146050
15146051
15146052
15146054
15146055
15146057
15146058
15146059
15146060
15146061
15146062
15146064
15146065
15146066
15146067
15146068
15146069
15147001
15147002
15147003
15147004
15147005
15147006
15147007
15147008
15147009
15147010
15147011
15147012
15147013
15147014
15147015
15147022
15147023
15147024
15147025
15147026
15147027
15147028
15147029
15147030
15147031
15147032
15147033
15147037
15147038
15147039
15147040
15147041
15147042
15148003
15148004
15148005
15148006
15148007
15148008
15148009
15148010
15148011
15148062
15148064
15148065
15148066
15149009
15149010
15149011
15149012
15149013
15149015
15149016
15149017
15149061
15149062
15149063
15149064
15149067
15149069
15149070
15149071
15149072
15149073
15149074
15149075
15149076
15150001
15150004
15150005
15150009
15150010
15150011
15150012
15150013
15150014
15150015
15150027
15150030
15150031
15150048
15150049
15150054
15150055
15150056
15150057
15150058
15150059
15150060
15150061
15150062
15150063
15150064
15150079
15150080
15150081
15150082
15151004
15151005
15151006
15151007
15151008
15151009
15151010
15151011
15151012
15151013
15151014
15151015
15151017
15151018
15151019
15151020
15151021
15151022
15151023
15151024
15151032
15151033
15151034
15151035
15151036
15151038
15151039
15151040
15151041
15151042
15151044
15151045
15151046
15151048
15151049
15151050
15151051
15151052
15151053
15151054
15151055
15151056
15151058
15151061
15151062
15152001
15152002
15152003
15152004
15152005
15152006
15152007
15152008
15152009
15152010
15152011
15152012
15152013
15152014
15152015
15152016
15152017
15152018
15152020
15152031
15152032
15152033
15152034
15152036
15152038
15152039
15152040
15152041
15152042
15152043
15152044
15152046
15152047
15152048
15152049
15152050
15152051
15152052
15152053
15152054
15152055
15152057
15152058
15153001
15153002
15153003
15153004
15153006
15153007
15153008
15153009
15153010
15153011
15153012
15153013
15153014
15153015
15153017
15153018
15153019
15153022
15153034
15153035
15153036
15153037
15153038
15153040
15153041
15153042
15153043
15153044
15153045
15153046
15153047
15153048
15153049
15153050
15153052
15153053
15153054
15153055
15153056
15153057
15153058
15154001
15154002
15154003
15154008
15154009
15154010
15154011
15154012
15154013
15154014
15154015
15154016
15154017
15154018
15154021
15154022
15154023
15154024
15155004
15155005
15155006
15155007
15155008
15155009
15155010
15156001
15156002
15156003
15156004
15156007
15156008
15156010
15156011
15156014
15156015
15156016
15156017
15156019
15156020
15156021
15156022
15156023
15156024
15156039
15156040
15156041
15156042
15156043
15157004
15157006
15157007
15157009
15157011
15157012
15157013
15157014
15157015
15157016
15157017
15157020
15157022
15157023
15157024
15157025
15157028
15157034
15157039
15157045
15157046
15157047
15157048
15157049
15157050
15157051
15157052
15157053
15157054
15157055
15157056
15157057
15157058
15157059
15157060
15157061
15158001
15158024
15158025
15158026
15158027
15158028
15158029
15158031
15158032
15158033
15158034
15158035
15158036
15158037
15158038
15158039
15158040
15158057
15158058
15158059
15158060
15158061
15158062
15158063
15158064
15158070
15159001
15159002
15159003
15159004
15159005
15159006
15159007
15159008
15159009
15159016
15159017
15159018
15159019
15159021
15159024
15159025
15159026
15159027
15159028
15159029
15159030
15159031
15159032
15159033
15159034
15159035
15159036
15159039
15159040
15159041
15159042
15159043
15159044
15159045
15159046
15159049
15159051
15159054
15159055
15160001
15160002
15160003
15160004
15160005
15160006
15160007
15160029
15160030
15160032
15160033
15160034
15160035
15160036
15160037
15160038
15160039
15160040
15160041
15160042
15160043
15160044
15160045
15160046
15160047
15160048
15160050
15161001
15161002
15161003
15161004
15161005
15161006
15161007
15161008
15161009
15161010
15161011
15161012
15161013
15161014
15161015
15161016
15161017
15161018
15161019
15161020
15161021
15161022
15161036
15161037
15161043
15161048
15161051
15161053
15161054
15161055
15161056
15161057
15161058
15161059
15161060
15161061
15161062
15161063
15161064
15161065
15161066
15161067
15161068
15161069
15161070
15161071
15161072
15162001
15162004
15162005
15162006
15162010
15162011
15162012
15162013
15162014
15162015
15162016
15162017
15162018
15162019
15162020
15162021
15162022
15162023
15162024
15162025
15162026
15162027
15162028
15162029
15162030
15162031
15162032
15162041
15162042
15162043
15162044
15162045
15162046
15162047
15162048
15162049
15162050
15162051
15162053
15162054
15162055
15163001
15163002
15163003
15163004
15163005
15163006
15163007
15163008
15163009
15163010
15163017
15163018
15163019
15163020
15163021
15163022
15163023
15163024
15163025
15163026
15163027
15163028
15163029
15163033
15163034
15163035
15163048
15163049
15163050
15163051
15163052
15163053
15163054
15163055
15163056
15163057
15163058
15163059
15163060
15163061
15163062
15164001
15164002
15164003
15164023
15164024
15164028
15164030
15164032
15164033
15164034
15164036
15164037
15164039
15164040
15164041
15164042
15164043
15164044
15164045
15164046
15164047
15164048
15164049
15164060
15164061
15164062
15164063
15164064
15164065
15164066
15164067
15164068
15164069
15164070
15164071
15165001
15165002
15165003
15165008
15165009
15165021
15165022
15165023
15165024
15165025
15165026
15165027
15165028
15165029
15165031
15165033
15165034
15165035
15165036
15165037
15165038
15165039
15165040
15165041
15165042
15165043
15165044
15165045
15165046
15165047
15165049
15165050
15165051
15165052
15165053
15165054
15165055
15165056
15165057
15165058
15165059
15166004
15166005
15166006
15166007
15166008
15166009
15166010
15166013
15166014
15166015
15166016
15166017
15166023
15166024
15166025
15166026
15166027
15166028
15166029
15166030
15166031
15166032
15166033
15166034
15166035
15166036
15166037
15166038
15166039
15166040
15166041
15166042
15166043
15166044
15166045
15166046
15166047
15167001
15167002
15167006
15167007
15167008
15167009
15167011
15167012
15167013
15167014
