15076101    0
15076102    1
15076105    2
15076108    3
15076109    4
15077001    5
15077002    6
15077003    7
15077004    8
15077006    9
15077007    10
15077008    11
15077011    12
15077012    13
15077014    14
15077015    15
15077017    16
15077018    17
15077019    18
15077020    19
15077033    20
15077035    21
15077036    22
15077039    23
15077042    24
15077043    25
15077044    26
15077045    27
15077046    28
15077047    29
15077048    30
15077049    31
15077050    32
15077051    33
15077055    34
15077056    35
15077057    36
15077059    37
15077060    38
15077061    39
15077062    40
15077063    41
15077066    42
15077067    43
15077069    44
15077070    45
15077079    46
15077080    47
15078001    48
15078002    49
15078003    50
15078004    51
15078005    52
15078006    53
15078011    54
15078017    55
15078018    56
15078019    57
15078021    58
15078069    59
15078071    60
15078073    61
15078074    62
15078075    63
15078103    64
15078104    65
15078107    66
15078108    67
15078109    68
15078110    69
15078111    70
15078113    71
15079001    72
15079002    73
15079003    74
15079009    75
15079010    76
15079013    77
15079014    78
15079016    79
15079017    80
15079018    81
15079019    82
15079020    83
15079021    84
15079022    85
15079023    86
15079024    87
15079025    88
15079026    89
15079027    90
15079041    91
15079042    92
15079046    93
15079047    94
15079048    95
15079050    96
15079051    97
15079052    98
15079056    99
15079057    100
15079058    101
15079059    102
15079060    103
15079061    104
15079062    105
15079063    106
15080002    107
15080003    108
15080004    109
15080005    110
15080006    111
15080007    112
15080008    113
15080009    114
15080010    115
15080011    116
15080012    117
15080013    118
15080014    119
15080015    120
15080016    121
15080024    122
15080029    123
15080035    124
15080036    125
15080037    126
15080038    127
15080039    128
15080041    129
15080042    130
15080043    131
15080044    132
15080045    133
15080053    134
15080054    135
15080055    136
15080056    137
15080057    138
15080058    139
15080059    140
15080060    141
15080061    142
15080062    143
15080063    144
15080064    145
15081001    146
15081002    147
15081003    148
15081004    149
15081005    150
15081006    151
15081007    152
15081008    153
15081009    154
15081010    155
15081011    156
15081012    157
15081013    158
15081014    159
15081015    160
15081016    161
15081017    162
15081022    163
15081023    164
15081024    165
15081025    166
15081026    167
15081027    168
15081028    169
15081029    170
15081034    171
15081036    172
15081037    173
15081038    174
15081041    175
15081042    176
15081043    177
15081044    178
15082004    179
15082005    180
15082007    181
15082008    182
15082009    183
15082013    184
15082014    185
15082016    186
15082017    187
15082018    188
15082021    189
15082022    190
15082023    191
15082024    192
15082025    193
15082028    194
15082030    195
15082031    196
15082052    197
15082053    198
15082055    199
15082056    200
15082057    201
15082058    202
15082059    203
15082060    204
15082064    205
15082065    206
15082066    207
15082067    208
15082069    209
15082071    210
15082073    211
15082074    212
15082075    213
15083002    214
15083003    215
15083004    216
15083005    217
15083007    218
15083008    219
15083009    220
15083010    221
15083014    222
15083015    223
15083017    224
15083019    225
15083021    226
15083023    227
15083024    228
15083025    229
15083027    230
15083028    231
15083029    232
15083030    233
15083031    234
15084002    235
15084006    236
15084007    237
15084008    238
15084009    239
15084010    240
15084011    241
15084022    242
15084025    243
15084027    244
15084028    245
15084029    246
15084030    247
15084031    248
15084036    249
15084037    250
15084038    251
15084039    252
15084040    253
15084052    254
15084053    255
15084054    256
15084055    257
15084058    258
15084059    259
15084060    260
15084061    261
15084062    262
15084063    263
15084064    264
15084066    265
15084067    266
15084068    267
15084069    268
15084070    269
15084091    270
15084092    271
15084093    272
15085001    273
15085002    274
15085003    275
15085004    276
15085005    277
15085006    278
15085007    279
15085008    280
15085010    281
15085012    282
15085013    283
15085014    284
15085015    285
15085016    286
15085017    287
15085018    288
15085019    289
15085020    290
15085021    291
15085022    292
15085115    293
15086001    294
15086003    295
15086004    296
15086005    297
15086006    298
15086007    299
15086009    300
15086010    301
15086011    302
15086012    303
15086013    304
15086014    305
15086016    306
15086017    307
15086018    308
15086046    309
15086050    310
15086051    311
15086054    312
15086055    313
15086058    314
15086060    315
15086061    316
15086062    317
15086063    318
15086064    319
15086065    320
15086066    321
15086067    322
15086068    323
15086069    324
15086072    325
15086073    326
15086074    327
15086075    328
15086076    329
15086077    330
15086078    331
15086079    332
15086082    333
15087001    334
15087002    335
15087004    336
15087006    337
15087007    338
15087008    339
15087009    340
15087010    341
15087011    342
15087012    343
15087013    344
15087016    345
15087017    346
15087018    347
15087019    348
15087020    349
15087022    350
15087036    351
15087037    352
15087038    353
15087039    354
15087040    355
15087041    356
15087042    357
15087043    358
15087046    359
15087047    360
15087049    361
15087050    362
15087055    363
15087056    364
15087058    365
15088003    366
15088004    367
15088005    368
15088006    369
15088069    370
15089002    371
15089004    372
15089005    373
15089006    374
15089007    375
15089008    376
15089009    377
15089010    378
15089023    379
15089024    380
15089025    381
15089026    382
15089027    383
15089028    384
15089029    385
15089030    386
15089031    387
15089032    388
15089033    389
15089034    390
15089036    391
15089037    392
15089038    393
15089039    394
15089040    395
15089041    396
15089042    397
15089044    398
15089045    399
15089051    400
15089052    401
15089053    402
15090002    403
15090003    404
15090004    405
15090005    406
15090006    407
15090007    408
15090008    409
15090010    410
15090020    411
15090022    412
15090038    413
15090039    414
15090047    415
15090048    416
15090049    417
15090050    418
15090053    419
15090054    420
15090056    421
15090058    422
15090059    423
15090060    424
15090062    425
15090063    426
15090064    427
15090065    428
15090066    429
15090067    430
15090068    431
15091006    432
15091007    433
15091024    434
15091025    435
15091026    436
15091027    437
15091028    438
15091029    439
15091033    440
15091034    441
15091036    442
15091037    443
15091038    444
15091040    445
15091041    446
15091042    447
15091045    448
15091046    449
15092004    450
15092005    451
15092007    452
15092008    453
15092009    454
15092011    455
15092012    456
15092013    457
15092016    458
15092017    459
15092018    460
15092077    461
15092078    462
15092079    463
15093001    464
15093002    465
15093003    466
15093004    467
15093005    468
15093006    469
15093007    470
15093008    471
15093010    472
15093011    473
15093013    474
15093015    475
15093016    476
15093017    477
15093018    478
15093031    479
15093034    480
15093035    481
15093036    482
15093037    483
15093038    484
15093039    485
15093040    486
15093041    487
15093043    488
15093044    489
15093045    490
15093046    491
15093048    492
15093049    493
15093050    494
15093051    495
15093052    496
15093053    497
15093054    498
15093061    499
15093062    500
15093063    501
15093064    502
15094001    503
15094002    504
15094007    505
15094008    506
15094009    507
15094010    508
15094011    509
15094012    510
15094013    511
15094014    512
15094015    513
15094016    514
15094017    515
15094019    516
15094020    517
15094056    518
15094057    519
15094058    520
15094059    521
15094060    522
15094064    523
15094065    524
15094066    525
15094069    526
15094070    527
15094071    528
15094073    529
15095008    530
15095009    531
15095010    532
15095011    533
15095012    534
15095013    535
15095014    536
15095016    537
15095017    538
15095018    539
15095019    540
15095020    541
15095021    542
15095022    543
15095023    544
15095024    545
15095025    546
15095026    547
15095027    548
15095028    549
15095035    550
15095036    551
15095037    552
15095038    553
15095039    554
15095040    555
15095041    556
15095042    557
15095045    558
15095046    559
15095047    560
15095048    561
15095049    562
15095050    563
15095051    564
15095052    565
15096012    566
15096013    567
15096014    568
15096015    569
15096016    570
15096017    571
15096018    572
15096019    573
15096020    574
15096021    575
15096022    576
15096023    577
15096024    578
15096025    579
15096026    580
15096027    581
15096028    582
15096029    583
15096030    584
15096031    585
15096032    586
15096050    587
15096052    588
15096053    589
15096054    590
15096055    591
15096056    592
15096057    593
15096058    594
15096059    595
15097005    596
15097006    597
15097007    598
15097008    599
15097009    600
15097010    601
15097011    602
15097012    603
15097013    604
15097016    605
15097018    606
15097019    607
15097020    608
15097021    609
15097022    610
15097023    611
15097024    612
15097025    613
15097026    614
15097027    615
15097028    616
15097029    617
15097030    618
15097032    619
15097034    620
15097039    621
15097040    622
15097041    623
15097042    624
15097043    625
15097044    626
15097046    627
15097049    628
15097050    629
15097051    630
15097054    631
15097055    632
15097056    633
15097057    634
15097059    635
15097061    636
15097062    637
15097063    638
15097064    639
15097065    640
15098001    641
15098002    642
15098003    643
15098005    644
15098007    645
15098008    646
15098010    647
15098011    648
15098013    649
15098014    650
15098015    651
15098016    652
15098017    653
15098018    654
15098019    655
15098020    656
15098021    657
15098022    658
15098024    659
15098028    660
15098029    661
15098035    662
15098036    663
15098037    664
15098038    665
15098039    666
15098040    667
15098041    668
15098042    669
15098067    670
15098068    671
15098069    672
15098070    673
15098071    674
15098072    675
15098073    676
15098074    677
15098075    678
15098076    679
15098077    680
15099001    681
15099002    682
15100009    683
15100010    684
15100011    685
15100024    686
15100025    687
15100026    688
15100027    689
15100028    690
15100029    691
15100030    692
15100031    693
15100032    694
15100033    695
15100035    696
15100036    697
15100037    698
15100038    699
15100039    700
15100040    701
15100100    702
15100101    703
15100102    704
15100103    705
15100124    706
15101001    707
15101002    708
15101003    709
15101004    710
15101005    711
15101006    712
15101007    713
15101008    714
15101009    715
15101010    716
15101011    717
15101012    718
15101013    719
15101014    720
15101015    721
15101016    722
15101017    723
15101018    724
15101019    725
15101020    726
15101021    727
15101022    728
15101023    729
15101040    730
15101041    731
15101042    732
15101043    733
15101044    734
15101045    735
15101046    736
15101047    737
15101048    738
15101049    739
15101050    740
15101051    741
15102006    742
15102007    743
15102008    744
15102009    745
15102010    746
15102011    747
15102012    748
15102013    749
15102014    750
15102015    751
15102016    752
15102017    753
15102018    754
15102019    755
15102020    756
15102021    757
15102022    758
15102023    759
15102024    760
15102026    761
15102032    762
15102033    763
15102034    764
15102035    765
15102036    766
15102037    767
15102038    768
15102039    769
15102040    770
15102041    771
15102042    772
15102043    773
15102044    774
15102046    775
15102047    776
15102050    777
15102053    778
15102056    779
15102057    780
15102058    781
15102059    782
15102060    783
15102068    784
15103010    785
15103011    786
15103013    787
15103014    788
15103015    789
15103016    790
15103017    791
15103018    792
15103019    793
15103020    794
15103021    795
15103022    796
15103023    797
15103024    798
15103025    799
15103026    800
15103027    801
15103028    802
15103029    803
15103030    804
15103031    805
15103042    806
15103043    807
15103045    808
15103046    809
15103049    810
15103050    811
15103051    812
15103052    813
15103053    814
15103054    815
15103055    816
15103056    817
15103057    818
15103058    819
15103059    820
15103060    821
15103062    822
15104002    823
15104003    824
15104004    825
15104006    826
15104007    827
15104008    828
15104010    829
15104011    830
15104012    831
15104013    832
15104014    833
15104015    834
15104016    835
15104017    836
15104018    837
15104019    838
15104020    839
15104021    840
15104022    841
15104023    842
15104024    843
15104037    844
15104039    845
15104040    846
15104042    847
15104043    848
15104044    849
15104052    850
15104053    851
15104054    852
15104055    853
15104056    854
15104057    855
15104058    856
15104059    857
15104060    858
15104062    859
15104063    860
15104064    861
15104065    862
15104066    863
15104067    864
15104068    865
15104069    866
15104070    867
15105001    868
15105002    869
15105003    870
15105004    871
15105005    872
15105006    873
15105008    874
15105010    875
15105012    876
15105013    877
15105015    878
15105016    879
15105017    880
15105018    881
15105019    882
15105020    883
15105021    884
15105023    885
15105024    886
15105025    887
15105026    888
15105028    889
15105029    890
15105030    891
15105031    892
15105032    893
15105033    894
15105054    895
15105055    896
15105056    897
15105057    898
15105058    899
15105061    900
15105062    901
15105063    902
15105064    903
15105065    904
15105067    905
15105068    906
15105070    907
15105071    908
15105072    909
15105073    910
15106001    911
15106002    912
15106005    913
15106008    914
15106009    915
15106010    916
15106011    917
15106131    918
15106132    919
15106133    920
15106134    921
15106135    922
15106136    923
15107001    924
15107002    925
15107003    926
15107004    927
15107005    928
15107006    929
15107008    930
15107009    931
15107010    932
15107011    933
15107013    934
15107014    935
15107015    936
15107063    937
15107064    938
15107065    939
15107073    940
15107074    941
15107075    942
15107076    943
15107077    944
15107078    945
15107079    946
15107080    947
15107081    948
15107082    949
15107083    950
15107084    951
15107085    952
15107086    953
15107087    954
15107088    955
15107089    956
15107090    957
15108001    958
15108003    959
15108004    960
15108005    961
15108007    962
15108008    963
15108009    964
15108010    965
15108011    966
15108012    967
15108013    968
15108014    969
15108015    970
15108016    971
15108017    972
15108020    973
15108021    974
15108022    975
15108023    976
15108024    977
15108025    978
15108027    979
15108028    980
15108056    981
15108057    982
15108058    983
15108059    984
15108063    985
15108069    986
15108072    987
15108073    988
15108074    989
15108075    990
15108076    991
15108078    992
15108079    993
15108080    994
15109001    995
15109002    996
15109004    997
15109005    998
15109006    999
15109007    1000
15109008    1001
15109009    1002
15109010    1003
15109011    1004
15109012    1005
15109013    1006
15109019    1007
15109020    1008
15109021    1009
15109024    1010
15109025    1011
15109026    1012
15109027    1013
15109028    1014
15109029    1015
15109030    1016
15109031    1017
15109032    1018
15109035    1019
15109036    1020
15109037    1021
15109038    1022
15109039    1023
15109040    1024
15109041    1025
15109042    1026
15109043    1027
15109045    1028
15109046    1029
15109051    1030
15109052    1031
15109054    1032
15109055    1033
15109056    1034
15109057    1035
15109058    1036
15109059    1037
15109060    1038
15109061    1039
15109062    1040
15109063    1041
15109065    1042
15110001    1043
15110002    1044
15110003    1045
15110004    1046
15110005    1047
15110008    1048
15110009    1049
15110010    1050
15110011    1051
15110012    1052
15110013    1053
15110015    1054
15110016    1055
15110017    1056
15110019    1057
15110020    1058
15110021    1059
15110022    1060
15110023    1061
15110024    1062
15110025    1063
15110026    1064
15110027    1065
15110028    1066
15110029    1067
15110030    1068
15110031    1069
15110032    1070
15110033    1071
15110034    1072
15110035    1073
15110038    1074
15110039    1075
15110040    1076
15110041    1077
15110042    1078
15110043    1079
15110045    1080
15110046    1081
15110047    1082
15110048    1083
15110049    1084
15110050    1085
15110051    1086
15110052    1087
15110053    1088
15110058    1089
15111001    1090
15111002    1091
15111003    1092
15111004    1093
15111005    1094
15111006    1095
15111007    1096
15111008    1097
15111009    1098
15111010    1099
15111011    1100
15111012    1101
15111013    1102
15111014    1103
15111015    1104
15111016    1105
15111050    1106
15111051    1107
15111052    1108
15111053    1109
15111065    1110
15111066    1111
15111067    1112
15111068    1113
15112001    1114
15112003    1115
15112004    1116
15112005    1117
15112006    1118
15112007    1119
15112009    1120
15112010    1121
15112011    1122
15112012    1123
15112013    1124
15112014    1125
15112019    1126
15112020    1127
15112021    1128
15112022    1129
15112023    1130
15112024    1131
15112025    1132
15112026    1133
15112027    1134
15112028    1135
15112029    1136
15112030    1137
15112031    1138
15112033    1139
15112034    1140
15112035    1141
15112036    1142
15112037    1143
15112038    1144
15112039    1145
15112040    1146
15112041    1147
15112042    1148
15112043    1149
15112044    1150
15112045    1151
15112046    1152
15112047    1153
15112048    1154
15112049    1155
15112050    1156
15112051    1157
15113001    1158
15113004    1159
15113005    1160
15113006    1161
15113009    1162
15113010    1163
15113011    1164
15113012    1165
15113103    1166
15113104    1167
15114001    1168
15114002    1169
15114003    1170
15114010    1171
15114011    1172
15114012    1173
15114013    1174
15114016    1175
15114017    1176
15114018    1177
15114019    1178
15114020    1179
15114021    1180
15114022    1181
15114023    1182
15114024    1183
15114025    1184
15114026    1185
15114027    1186
15114028    1187
15114034    1188
15114035    1189
15114036    1190
15114037    1191
15114038    1192
15114039    1193
15114040    1194
15114041    1195
15114042    1196
15114043    1197
15114044    1198
15114045    1199
15114046    1200
15114047    1201
15114048    1202
15114050    1203
15114051    1204
15114052    1205
15114053    1206
15114054    1207
15114055    1208
15114056    1209
15114057    1210
15114058    1211
15115012    1212
15115013    1213
15115014    1214
15115067    1215
15115068    1216
15115069    1217
15115070    1218
15115071    1219
15115072    1220
15115073    1221
15115074    1222
15115075    1223
15115076    1224
15115077    1225
15115078    1226
15115079    1227
15115080    1228
15115082    1229
15115083    1230
15115084    1231
15115085    1232
15115086    1233
15115087    1234
15115088    1235
15116002    1236
15116003    1237
15116004    1238
15116005    1239
15116015    1240
15116016    1241
15116017    1242
15116018    1243
15116019    1244
15116020    1245
15116021    1246
15116026    1247
15116029    1248
15116032    1249
15116033    1250
15116034    1251
15116035    1252
15116036    1253
15116037    1254
15116039    1255
15116040    1256
15116041    1257
15116042    1258
15116047    1259
15116048    1260
15116049    1261
15116050    1262
15116051    1263
15116052    1264
15116054    1265
15116055    1266
15116056    1267
15116057    1268
15116058    1269
15116059    1270
15116060    1271
15116061    1272
15116062    1273
15116068    1274
15117002    1275
15117003    1276
15117004    1277
15117005    1278
15117050    1279
15117051    1280
15117052    1281
15117053    1282
15117054    1283
15117055    1284
15117056    1285
15117057    1286
15117058    1287
15117059    1288
15117060    1289
15117061    1290
15117062    1291
15117063    1292
15117064    1293
15117065    1294
15117066    1295
15117067    1296
15117068    1297
15117069    1298
15117070    1299
15118003    1300
15118004    1301
15118005    1302
15118006    1303
15118007    1304
15118008    1305
15118009    1306
15118011    1307
15118013    1308
15118014    1309
15118015    1310
15118016    1311
15118017    1312
15118018    1313
15118019    1314
15118020    1315
15118021    1316
15118022    1317
15118023    1318
15118024    1319
15118052    1320
15118053    1321
15118054    1322
15118055    1323
15118056    1324
15118057    1325
15118058    1326
15118059    1327
15118060    1328
15118063    1329
15118064    1330
15118065    1331
15118066    1332
15119008    1333
15119009    1334
15119011    1335
15119012    1336
15119013    1337
15119014    1338
15119015    1339
15119018    1340
15119019    1341
15119020    1342
15119021    1343
15119022    1344
15119023    1345
15119024    1346
15119025    1347
15119026    1348
15119027    1349
15119028    1350
15119029    1351
15119031    1352
15119034    1353
15119035    1354
15119036    1355
15119042    1356
15119043    1357
15119045    1358
15119046    1359
15119049    1360
15119051    1361
15119052    1362
15119053    1363
15119054    1364
15119055    1365
15119056    1366
15119057    1367
15119058    1368
15119059    1369
15119061    1370
15119063    1371
15119064    1372
15119065    1373
15120001    1374
15120002    1375
15120004    1376
15120005    1377
15120006    1378
15120007    1379
15120008    1380
15120009    1381
15120011    1382
15120105    1383
15120106    1384
15120108    1385
15120109    1386
15120115    1387
15120117    1388
15121001    1389
15121002    1390
15121003    1391
15121004    1392
15121005    1393
15121006    1394
15121007    1395
15121008    1396
15121009    1397
15121012    1398
15121013    1399
15121015    1400
15121016    1401
15121017    1402
15121018    1403
15121060    1404
15121061    1405
15121062    1406
15121063    1407
15121065    1408
15121066    1409
15121067    1410
15121068    1411
15121070    1412
15121071    1413
15121072    1414
15121076    1415
15121077    1416
15121078    1417
15122003    1418
15122004    1419
15122006    1420
15122008    1421
15122010    1422
15122011    1423
15122017    1424
15122018    1425
15122019    1426
15122020    1427
15122023    1428
15122026    1429
15122027    1430
15122030    1431
15122031    1432
15122034    1433
15122039    1434
15122041    1435
15122042    1436
15122043    1437
15122044    1438
15122045    1439
15122046    1440
15122047    1441
15122048    1442
15122049    1443
15122056    1444
15122057    1445
15122058    1446
15122059    1447
15122060    1448
15122061    1449
15122062    1450
15122063    1451
15122064    1452
15122065    1453
15123001    1454
15123002    1455
15123003    1456
15123006    1457
15123009    1458
15123010    1459
15123011    1460
15123013    1461
15123014    1462
15123015    1463
15123016    1464
15123017    1465
15123018    1466
15123019    1467
15123020    1468
15123021    1469
15123022    1470
15123023    1471
15123024    1472
15123025    1473
15123026    1474
15123027    1475
15123028    1476
15123034    1477
15123035    1478
15123036    1479
15123037    1480
15123044    1481
15123045    1482
15123047    1483
15123048    1484
15123049    1485
15123050    1486
15123051    1487
15123053    1488
15123054    1489
15124001    1490
15124002    1491
15124003    1492
15124004    1493
15124006    1494
15124008    1495
15124010    1496
15124021    1497
15124022    1498
15124023    1499
15124025    1500
15124026    1501
15124027    1502
15124028    1503
15124031    1504
15124032    1505
15124033    1506
15124034    1507
15124035    1508
15124040    1509
15124041    1510
15124042    1511
15124043    1512
15124044    1513
15124049    1514
15124050    1515
15124052    1516
15124053    1517
15124054    1518
15124055    1519
15124056    1520
15124057    1521
15124058    1522
15124060    1523
15124061    1524
15124062    1525
15124063    1526
15125001    1527
15125002    1528
15125007    1529
15125060    1530
15125061    1531
15125062    1532
15125064    1533
15125065    1534
15125067    1535
15125070    1536
15125071    1537
15125072    1538
15125073    1539
15125074    1540
15125075    1541
15126002    1542
15126004    1543
15126006    1544
15126008    1545
15126009    1546
15126010    1547
15126011    1548
15126012    1549
15126013    1550
15126015    1551
15126016    1552
15126017    1553
15126018    1554
15126019    1555
15126021    1556
15126022    1557
15126023    1558
15126036    1559
15126037    1560
15126038    1561
15126039    1562
15126040    1563
15126044    1564
15126045    1565
15126046    1566
15126047    1567
15126048    1568
15126049    1569
15126050    1570
15126051    1571
15126052    1572
15126053    1573
15126054    1574
15126060    1575
15126061    1576
15127001    1577
15127002    1578
15127003    1579
15127004    1580
15127005    1581
15127006    1582
15127007    1583
15127009    1584
15127010    1585
15127011    1586
15127012    1587
15127013    1588
15128015    1589
15128016    1590
15128017    1591
15128018    1592
15128019    1593
15128020    1594
15128021    1595
15128022    1596
15128024    1597
15128025    1598
15128026    1599
15128027    1600
15128028    1601
15128029    1602
15128030    1603
15128031    1604
15128032    1605
15128033    1606
15128048    1607
15128049    1608
15128050    1609
15128051    1610
15128052    1611
15129001    1612
15129002    1613
15129003    1614
15129004    1615
15129006    1616
15129007    1617
15129009    1618
15129010    1619
15129011    1620
15129012    1621
15129013    1622
15129014    1623
15129015    1624
15129016    1625
15129017    1626
15129018    1627
15129022    1628
15129045    1629
15129046    1630
15129047    1631
15129048    1632
15129049    1633
15129050    1634
15129051    1635
15129052    1636
15130001    1637
15130002    1638
15130003    1639
15130004    1640
15130005    1641
15130006    1642
15130007    1643
15130008    1644
15130009    1645
15130011    1646
15130013    1647
15130014    1648
15130015    1649
15130016    1650
15130031    1651
15130032    1652
15130033    1653
15130034    1654
15130035    1655
15130036    1656
15130037    1657
15130038    1658
15130040    1659
15130041    1660
15130042    1661
15130043    1662
15130044    1663
15130045    1664
15130046    1665
15130047    1666
15130048    1667
15130054    1668
15130055    1669
15130056    1670
15131001    1671
15131002    1672
15131003    1673
15131004    1674
15131005    1675
15131006    1676
15131007    1677
15131008    1678
15131009    1679
15131010    1680
15131011    1681
15131012    1682
15131013    1683
15131014    1684
15131030    1685
15131031    1686
15131033    1687
15131034    1688
15131035    1689
15131036    1690
15131037    1691
15131039    1692
15131040    1693
15131041    1694
15131042    1695
15131043    1696
15131044    1697
15131045    1698
15131046    1699
15131047    1700
15131048    1701
15131049    1702
15131050    1703
15131051    1704
15131052    1705
15131053    1706
15132002    1707
15132003    1708
15132004    1709
15132005    1710
15132006    1711
15132007    1712
15132008    1713
15132009    1714
15132010    1715
15132011    1716
15132012    1717
15132014    1718
15132015    1719
15132016    1720
15132017    1721
15132018    1722
15132019    1723
15132022    1724
15132023    1725
15132024    1726
15132025    1727
15132026    1728
15132028    1729
15132029    1730
15132030    1731
15132031    1732
15132032    1733
15132033    1734
15132034    1735
15132035    1736
15132036    1737
15132037    1738
15132038    1739
15133002    1740
15133004    1741
15133005    1742
15133006    1743
15133008    1744
15133009    1745
15133010    1746
15133011    1747
15133012    1748
15133013    1749
15133014    1750
15133017    1751
15133018    1752
15133019    1753
15133020    1754
15133021    1755
15133031    1756
15133032    1757
15133033    1758
15133034    1759
15133035    1760
15133036    1761
15133037    1762
15133038    1763
15133039    1764
15133040    1765
15133041    1766
15133042    1767
15133043    1768
15133044    1769
15133045    1770
15133047    1771
15133049    1772
15133050    1773
15133051    1774
15133053    1775
15133054    1776
15133055    1777
15133056    1778
15134001    1779
15134002    1780
15134003    1781
15134004    1782
15134006    1783
15134007    1784
15134008    1785
15134009    1786
15134010    1787
15134050    1788
15134051    1789
15134053    1790
15134055    1791
15134056    1792
15134057    1793
15134058    1794
15134060    1795
15134062    1796
15134063    1797
15135004    1798
15135005    1799
15135006    1800
15135007    1801
15135008    1802
15135009    1803
15135010    1804
15135011    1805
15135012    1806
15135013    1807
15135014    1808
15135015    1809
15135016    1810
15135062    1811
15135063    1812
15135064    1813
15135065    1814
15136001    1815
15136002    1816
15136003    1817
15136004    1818
15136005    1819
15136006    1820
15136007    1821
15136008    1822
15136009    1823
15136011    1824
15136012    1825
15136013    1826
15136014    1827
15136015    1828
15136016    1829
15136017    1830
15136033    1831
15136034    1832
15136035    1833
15136036    1834
15136037    1835
15136038    1836
15136039    1837
15136040    1838
15136041    1839
15136042    1840
15137025    1841
15137026    1842
15137027    1843
15137028    1844
15137029    1845
15137030    1846
15137032    1847
15137033    1848
15137034    1849
15137035    1850
15137036    1851
15137037    1852
15137038    1853
15137050    1854
15137051    1855
15137052    1856
15137053    1857
15138035    1858
15138056    1859
15138057    1860
15138058    1861
15138059    1862
15138060    1863
15138061    1864
15138062    1865
15138063    1866
15138064    1867
15138065    1868
15138066    1869
15138067    1870
15138068    1871
15138069    1872
15138070    1873
15138071    1874
15138074    1875
15138075    1876
15139003    1877
15139008    1878
15139009    1879
15139010    1880
15139012    1881
15139013    1882
15139015    1883
15139016    1884
15139017    1885
15139018    1886
15139020    1887
15139021    1888
15139022    1889
15139023    1890
15139024    1891
15139025    1892
15139026    1893
15139037    1894
15139038    1895
15139039    1896
15139040    1897
15139041    1898
15139042    1899
15139043    1900
15139044    1901
15139045    1902
15139046    1903
15139047    1904
15139050    1905
15139051    1906
15139052    1907
15140002    1908
15140003    1909
15140004    1910
15140005    1911
15140006    1912
15140007    1913
15140011    1914
15140012    1915
15140013    1916
15140014    1917
15140015    1918
15140017    1919
15140018    1920
15140019    1921
15140020    1922
15140021    1923
15140022    1924
15140023    1925
15140025    1926
15140026    1927
15140027    1928
15140028    1929
15140029    1930
15140030    1931
15140031    1932
15140032    1933
15140034    1934
15140035    1935
15140036    1936
15140037    1937
15140045    1938
15140046    1939
15140047    1940
15140048    1941
15140049    1942
15140050    1943
15140051    1944
15140052    1945
15140053    1946
15140054    1947
15140055    1948
15141001    1949
15141002    1950
15141003    1951
15141004    1952
15141006    1953
15141007    1954
15141009    1955
15141010    1956
15141011    1957
15141012    1958
15141013    1959
15141048    1960
15142003    1961
15142004    1962
15142005    1963
15142006    1964
15142008    1965
15142011    1966
15142012    1967
15142013    1968
15142014    1969
15142015    1970
15142018    1971
15142019    1972
15142020    1973
15142021    1974
15142022    1975
15142025    1976
15142054    1977
15142055    1978
15142058    1979
15143010    1980
15143011    1981
15143012    1982
15143013    1983
15143026    1984
15143027    1985
15143028    1986
15143029    1987
15143030    1988
15143031    1989
15143032    1990
15143033    1991
15143034    1992
15143035    1993
15143036    1994
15143037    1995
15143038    1996
15143039    1997
15143040    1998
15143049    1999
15143051    2000
15143052    2001
15144001    2002
15144003    2003
15144004    2004
15144005    2005
15144006    2006
15144007    2007
15144008    2008
15144009    2009
15144010    2010
15144011    2011
15144012    2012
15144013    2013
15144014    2014
15144015    2015
15144017    2016
15144018    2017
15144026    2018
15144027    2019
15144028    2020
15144032    2021
15144033    2022
15144034    2023
15144035    2024
15144036    2025
15144037    2026
15144039    2027
15144040    2028
15144043    2029
15144044    2030
15144046    2031
15144047    2032
15144049    2033
15144052    2034
15144054    2035
15144056    2036
15144058    2037
15144060    2038
15144062    2039
15144063    2040
15144064    2041
15144065    2042
15144067    2043
15144068    2044
15144070    2045
15145003    2046
15145004    2047
15145005    2048
15145006    2049
15145007    2050
15145008    2051
15145009    2052
15145010    2053
15145012    2054
15145013    2055
15145014    2056
15145015    2057
15145016    2058
15145017    2059
15145018    2060
15145019    2061
15145020    2062
15145021    2063
15145022    2064
15145023    2065
15145024    2066
15145029    2067
15145031    2068
15145032    2069
15145033    2070
15145034    2071
15145035    2072
15145036    2073
15145037    2074
15145038    2075
15145056    2076
15145060    2077
15145061    2078
15145062    2079
15145063    2080
15145064    2081
15146001    2082
15146002    2083
15146003    2084
15146004    2085
15146006    2086
15146008    2087
15146009    2088
15146010    2089
15146013    2090
15146017    2091
15146020    2092
15146023    2093
15146025    2094
15146026    2095
15146042    2096
15146043    2097
15146044    2098
15146045    2099
15146046    2100
15146049    2101
15146050    2102
15146051    2103
15146052    2104
15146054    2105
15146055    2106
15146057    2107
15146058    2108
15146059    2109
15146060    2110
15146061    2111
15146064    2112
15146065    2113
15146066    2114
15146067    2115
15146068    2116
15146069    2117
15147001    2118
15147002    2119
15147003    2120
15147004    2121
15147005    2122
15147006    2123
15147007    2124
15147008    2125
15147009    2126
15147010    2127
15147011    2128
15147012    2129
15147013    2130
15147014    2131
15147015    2132
15147022    2133
15147023    2134
15147024    2135
15147025    2136
15147026    2137
15147027    2138
15147028    2139
15147029    2140
15147030    2141
15147031    2142
15147032    2143
15147033    2144
15147037    2145
15147038    2146
15147039    2147
15147040    2148
15147041    2149
15147042    2150
15148003    2151
15148004    2152
15148005    2153
15148006    2154
15148007    2155
15148008    2156
15148009    2157
15148010    2158
15148011    2159
15148062    2160
15148064    2161
15148065    2162
15148066    2163
15149009    2164
15149010    2165
15149011    2166
15149012    2167
15149013    2168
15149015    2169
15149016    2170
15149017    2171
15149061    2172
15149062    2173
15149063    2174
15149064    2175
15149067    2176
15149069    2177
15149070    2178
15149071    2179
15149072    2180
15149073    2181
15149074    2182
15149075    2183
15149076    2184
15150001    2185
15150004    2186
15150005    2187
15150009    2188
15150010    2189
15150011    2190
15150012    2191
15150013    2192
15150014    2193
15150015    2194
15150027    2195
15150030    2196
15150031    2197
15150048    2198
15150049    2199
15150054    2200
15150055    2201
15150056    2202
15150057    2203
15150058    2204
15150059    2205
15150060    2206
15150061    2207
15150062    2208
15150063    2209
15150064    2210
15150079    2211
15150080    2212
15150081    2213
15150082    2214
15151004    2215
15151005    2216
15151006    2217
15151007    2218
15151008    2219
15151009    2220
15151010    2221
15151011    2222
15151012    2223
15151013    2224
15151014    2225
15151015    2226
15151017    2227
15151018    2228
15151019    2229
15151020    2230
15151021    2231
15151022    2232
15151023    2233
15151024    2234
15151032    2235
15151033    2236
15151034    2237
15151035    2238
15151036    2239
15151038    2240
15151039    2241
15151040    2242
15151041    2243
15151042    2244
15151044    2245
15151045    2246
15151046    2247
15151048    2248
15151049    2249
15151050    2250
15151051    2251
15151052    2252
15151053    2253
15151054    2254
15151055    2255
15151056    2256
15151058    2257
15151061    2258
15151062    2259
15152001    2260
15152002    2261
15152003    2262
15152004    2263
15152005    2264
15152006    2265
15152007    2266
15152008    2267
15152009    2268
15152010    2269
15152011    2270
15152012    2271
15152013    2272
15152014    2273
15152015    2274
15152016    2275
15152017    2276
15152018    2277
15152020    2278
15152031    2279
15152032    2280
15152033    2281
15152034    2282
15152036    2283
15152038    2284
15152039    2285
15152040    2286
15152041    2287
15152042    2288
15152043    2289
15152044    2290
15152046    2291
15152047    2292
15152048    2293
15152049    2294
15152050    2295
15152051    2296
15152052    2297
15152053    2298
15152054    2299
15152055    2300
15152057    2301
15152058    2302
15153001    2303
15153002    2304
15153003    2305
15153004    2306
15153006    2307
15153007    2308
15153008    2309
15153009    2310
15153010    2311
15153011    2312
15153012    2313
15153013    2314
15153014    2315
15153015    2316
15153017    2317
15153018    2318
15153019    2319
15153022    2320
15153034    2321
15153035    2322
15153036    2323
15153037    2324
15153038    2325
15153040    2326
15153041    2327
15153042    2328
15153043    2329
15153044    2330
15153045    2331
15153046    2332
15153047    2333
15153048    2334
15153049    2335
15153050    2336
15153052    2337
15153053    2338
15153054    2339
15153055    2340
15153056    2341
15153057    2342
15153058    2343
15154001    2344
15154002    2345
15154003    2346
15154008    2347
15154009    2348
15154010    2349
15154011    2350
15154012    2351
15154013    2352
15154014    2353
15154015    2354
15154016    2355
15154017    2356
15154018    2357
15154021    2358
15154022    2359
15154023    2360
15154024    2361
15155004    2362
15155005    2363
15155006    2364
15155007    2365
15155008    2366
15155009    2367
15155010    2368
15156001    2369
15156002    2370
15156003    2371
15156004    2372
15156007    2373
15156008    2374
15156010    2375
15156011    2376
15156014    2377
15156015    2378
15156016    2379
15156017    2380
15156019    2381
15156020    2382
15156021    2383
15156022    2384
15156023    2385
15156024    2386
15156039    2387
15156040    2388
15156041    2389
15156042    2390
15156043    2391
15157004    2392
15157006    2393
15157007    2394
15157009    2395
15157011    2396
15157012    2397
15157013    2398
15157014    2399
15157015    2400
15157016    2401
15157017    2402
15157020    2403
15157022    2404
15157023    2405
15157024    2406
15157025    2407
15157028    2408
15157034    2409
15157039    2410
15157045    2411
15157046    2412
15157047    2413
15157048    2414
15157049    2415
15157050    2416
15157051    2417
15157052    2418
15157053    2419
15157054    2420
15157055    2421
15157056    2422
15157057    2423
15157058    2424
15157059    2425
15157060    2426
15157061    2427
15158001    2428
15158024    2429
15158025    2430
15158026    2431
15158027    2432
15158028    2433
15158029    2434
15158031    2435
15158032    2436
15158033    2437
15158034    2438
15158035    2439
15158036    2440
15158037    2441
15158038    2442
15158039    2443
15158040    2444
15158057    2445
15158058    2446
15158059    2447
15158060    2448
15158061    2449
15158062    2450
15158063    2451
15158064    2452
15158070    2453
15159001    2454
15159002    2455
15159003    2456
15159004    2457
15159005    2458
15159006    2459
15159007    2460
15159008    2461
15159009    2462
15159016    2463
15159017    2464
15159018    2465
15159019    2466
15159021    2467
15159024    2468
15159025    2469
15159026    2470
15159027    2471
15159028    2472
15159029    2473
15159030    2474
15159031    2475
15159032    2476
15159033    2477
15159034    2478
15159035    2479
15159036    2480
15159039    2481
15159040    2482
15159041    2483
15159042    2484
15159043    2485
15159044    2486
15159045    2487
15159046    2488
15159049    2489
15159051    2490
15159054    2491
15159055    2492
15160001    2493
15160002    2494
15160003    2495
15160004    2496
15160005    2497
15160006    2498
15160007    2499
15160029    2500
15160030    2501
15160032    2502
15160033    2503
15160034    2504
15160035    2505
15160036    2506
15160037    2507
15160038    2508
15160039    2509
15160040    2510
15160041    2511
15160042    2512
15160043    2513
15160044    2514
15160045    2515
15160046    2516
15160047    2517
15160048    2518
15160050    2519
15161001    2520
15161002    2521
15161003    2522
15161004    2523
15161005    2524
15161006    2525
15161007    2526
15161008    2527
15161009    2528
15161010    2529
15161011    2530
15161012    2531
15161013    2532
15161014    2533
15161015    2534
15161016    2535
15161017    2536
15161018    2537
15161019    2538
15161020    2539
15161021    2540
15161022    2541
15161036    2542
15161037    2543
15161043    2544
15161048    2545
15161051    2546
15161053    2547
15161054    2548
15161055    2549
15161056    2550
15161057    2551
15161058    2552
15161059    2553
15161060    2554
15161061    2555
15161062    2556
15161063    2557
15161064    2558
15161065    2559
15161066    2560
15161067    2561
15161068    2562
15161069    2563
15161070    2564
15161071    2565
15161072    2566
15162001    2567
15162004    2568
15162005    2569
15162006    2570
15162010    2571
15162011    2572
15162012    2573
15162013    2574
15162014    2575
15162015    2576
15162016    2577
15162017    2578
15162018    2579
15162019    2580
15162020    2581
15162021    2582
15162022    2583
15162023    2584
15162024    2585
15162025    2586
15162026    2587
15162027    2588
15162028    2589
15162029    2590
15162030    2591
15162031    2592
15162032    2593
15162041    2594
15162042    2595
15162043    2596
15162044    2597
15162045    2598
15162046    2599
15162047    2600
15162048    2601
15162049    2602
15162050    2603
15162051    2604
15162053    2605
15162054    2606
15162055    2607
15163001    2608
15163002    2609
15163003    2610
15163004    2611
15163005    2612
15163006    2613
15163007    2614
15163008    2615
15163009    2616
15163010    2617
15163017    2618
15163018    2619
15163019    2620
15163020    2621
15163021    2622
15163022    2623
15163023    2624
15163024    2625
15163025    2626
15163026    2627
15163027    2628
15163028    2629
15163029    2630
15163033    2631
15163034    2632
15163035    2633
15163048    2634
15163049    2635
15163050    2636
15163051    2637
15163052    2638
15163053    2639
15163054    2640
15163055    2641
15163056    2642
15163057    2643
15163058    2644
15163059    2645
15163060    2646
15163061    2647
15163062    2648
15164001    2649
15164002    2650
15164003    2651
15164023    2652
15164024    2653
15164028    2654
15164030    2655
15164032    2656
15164033    2657
15164034    2658
15164036    2659
15164037    2660
15164039    2661
15164040    2662
15164041    2663
15164042    2664
15164043    2665
15164044    2666
15164045    2667
15164046    2668
15164047    2669
15164048    2670
15164049    2671
15164060    2672
15164061    2673
15164062    2674
15164063    2675
15164064    2676
15164065    2677
15164066    2678
15164067    2679
15164068    2680
15164069    2681
15164070    2682
15164071    2683
15165001    2684
15165002    2685
15165003    2686
15165008    2687
15165009    2688
15165021    2689
15165022    2690
15165023    2691
15165024    2692
15165025    2693
15165026    2694
15165027    2695
15165028    2696
15165029    2697
15165031    2698
15165033    2699
15165034    2700
15165035    2701
15165036    2702
15165037    2703
15165038    2704
15165039    2705
15165040    2706
15165041    2707
15165042    2708
15165043    2709
15165044    2710
15165045    2711
15165046    2712
15165047    2713
15165049    2714
15165050    2715
15165051    2716
15165052    2717
15165053    2718
15165054    2719
15165055    2720
15165056    2721
15165057    2722
15165058    2723
15165059    2724
15166004    2725
15166005    2726
15166006    2727
15166007    2728
15166008    2729
15166009    2730
15166010    2731
15166016    2732
15166017    2733
15166026    2734
15166027    2735
15166028    2736
15166029    2737
15166030    2738
15166031    2739
15166032    2740
15166033    2741
15166034    2742
15166035    2743
15166036    2744
15166037    2745
15166038    2746
15166039    2747
15166040    2748
15166041    2749
15166042    2750
15166043    2751
15166044    2752
15166045    2753
15166046    2754
15166047    2755
15167001    2756
15167002    2757
15167006    2758
15167007    2759
15167008    2760
15167009    2761
15167011    2762
15167012    2763
15167013    2764
15167014    2765
