19130060
19130071
19130077
19130078
19130079
19130084
19130085
19130086
19131001
19131003
19131004
19131005
19131006
19131007
19131009
19131010
19131012
19131013
19131014
19131015
19131016
19131019
19131020
19131026
19131027
19131030
19131031
19131037
19131039
19131040
19131041
19131042
19131044
19131045
19131046
19131048
19131049
19131050
19131051
19131052
19131054
19131055
19131056
19131057
19131060
19131061
19131062
19132001
19132004
19132005
19132006
19132007
19132008
19132011
19132013
19132014
19132016
19132017
19132019
19132020
19132021
19132022
19132026
19132027
19132029
19132030
19132031
19132032
19132034
19132035
19132036
19132037
19132038
19132039
19132043
19132044
19132045
19132046
19132047
19132048
19132063
19132064
19132065
19132070
19132071
19132073
19132074
19132075
19132076
19132078
19132079
19132080
19132081
19132082
19132083
19133002
19133003
19133004
19133005
19133008
19133009
19133010
19133012
19133013
19133014
19133016
19133017
19133018
19133021
19133022
19133023
19133025
19133026
19133027
19133028
19133030
19133031
19133032
19133033
19133038
19133039
19133040
19133041
19133043
19133044
19133045
19133047
19133048
19133049
19133050
19133053
19133054
19133055
19133056
19133058
19133059
19133060
19133061
19134002
19134003
19134004
19134005
19134007
19134008
19134009
19134010
19134011
19134013
19134014
19134016
19134017
19134018
19134019
19134023
19134024
19134025
19134027
19134028
19134029
19134030
19134035
19134036
19134037
19134038
19134040
19134041
19134042
19134044
19134045
19134046
19134047
19134049
19134050
19135001
19135003
19135004
19135005
19135011
19135012
19135013
19135014
19135016
19135017
19135018
19135020
19135021
19135022
19135027
19135028
19135029
19135037
19135038
19135039
19135040
19135042
19135043
19136001
19136003
19136004
19136005
19136007
19136008
19136009
19136011
19136012
19136013
19136014
19136016
19136017
19136018
19136040
19136041
19136042
19136044
19136045
19136046
19136047
19136049
19137001
19137002
19137003
19137004
19137006
19137007
19137008
19137009
19137010
19137011
19137013
19137014
19137015
19137016
19137019
19137020
19137022
19137023
19137024
19137025
19137026
19137027
19137028
19137029
19137036
19137037
19137038
19137040
19137041
19137045
19137047
19137048
19137050
19137051
19137052
19137053
19137054
19137056
19137057
19137058
19137059
19138002
19138003
19138004
19138005
19138006
19138008
19138009
19138010
19138011
19138012
19138014
19138015
19138016
19138019
19138020
19138021
19138025
19138026
19138027
19138028
19139022
19139023
19139024
19139026
19139027
19139028
19139032
19139033
19139034
19139037
19139038
19139039
19139041
19139043
19139044
19139058
19139063
19139064
19139066
19139067
19139068
19139069
19139071
19139072
19139073
19140002
19140003
19140004
19140006
19140007
19140008
19140009
19140010
19140011
19140012
19140014
19140015
19140016
19140017
19140020
19140021
19140022
19140025
19140030
19140031
19140035
19140036
19140037
19140040
19140041
19140042
19140043
19140045
19140046
19140047
19140051
19140052
19140053
19140055
19140056
19141001
19141003
19141004
19141005
19141006
19141008
19141009
19141010
19141011
19141013
19141014
19141015
19141018
19141019
19141020
19141021
19141022
19141024
19141025
19141026
19141028
19141029
19141030
19141047
19141048
19141049
19141051
19141052
19141053
19142001
19142002
19142003
19142005
19142006
19142007
19142008
19142010
19142011
19142012
19142014
19142015
19142016
19142018
19142019
19142020
19142021
19142022
19142027
19142034
19142035
19142038
19142039
19142041
19142045
19142048
19142049
19142053
19142054
19142055
19142057
19142058
19142059
19142062
19142064
19142065
19142068
19143001
19143003
19143006
19143007
19143008
19143009
19143010
19143011
19143012
19143013
19143014
19143015
19143016
19143017
19144012
19144013
19144014
19144018
19144019
19144020
19144024
19144025
19144026
19144031
19144032
19144033
19144036
19144037
19144038
19144042
19144043
19144044
19144046
19144047
19145001
19145004
19145005
19145006
19145008
19145009
19145010
19145011
19145013
19145014
19145015
19145017
19145019
19145020
19145028
19145031
19145034
19145035
19145036
19145038
19145039
19145040
19145042
19145043
19145044
19145047
19145048
19145050
19146002
19146003
19146004
19146006
19146007
19146008
19146009
19146012
19146013
19146014
19146016
19146017
19146019
19146020
19146024
19146025
19146026
19147007
19147008
19147009
19147010
19147014
19147015
19147016
19147021
19147022
19147023
19147025
19147026
19147027
19147029
19147030
19147031
19147033
19147034
19147035
19147038
19147039
19147040
19147042
19147043
19147044
19147046
19147047
19147048
19148002
19148003
19148004
19148007
19148008
19148009
19148011
19148012
19148013
19148015
19148016
19148017
19148021
19148022
19148023
19148024
19148050
19148051
19148052
19149002
19149003
19149007
19149008
19149009
19149012
19149013
19149014
19149015
19149017
19149018
19149023
19149024
19149025
19149030
19149031
19149032
19149035
19149037
19149038
19149039
19149042
19149043
19149044
19149046
19149047
19149048
19149050
19149051
19149052
19149054
19149055
19150001
19150005
19150006
19150007
19150009
19150010
19150011
19150013
19150014
19150016
19150017
19150018
19155057
19155058
19156001
19156002
19156004
19156005
19156006
19156008
19156009
19156011
19156013
19156014
19156015
19156018
19156019
19156030
19156031
19156032
19156033
19156042
19156043
19156044
19156045
19156046
19156047
19157002
19157003
19157004
19157006
19157007
19157008
19157012
19157013
19157015
19157017
19157018
19158003
19158007
19158009
19158010
19158011
19158013
19158014
19158015
19158017
19158018
19158019
19158020
19158059
19158060
19158062
19159001
19159003
19159004
19159006
19159007
19159008
19159010
19159011
19159012
19159014
19159015
19159016
19159018
19159019
19159021
19159023
19159024
19159025
19159039
19159040
19159041
19160002
19160003
19160004
19160006
19160007
19160008
19160010
19160011
19160012
19160014
19160015
19160016
19160018
19160019
19160020
19160021
19160023
19160024
19160025
19160027
19160028
19160029
19161003
19161004
19161005
19161007
19161008
19161009
19161011
19161012
19161013
19161015
19161016
19161017
19161048
19161049
19161050
19161051
19161053
19162002
19162005
19162006
19162008
19162009
19162010
19162013
19162014
19162015
19162017
19162018
19162019
19162021
19162022
19162023
19162030
19162031
19162032
19162036
19162037
19162038
19162040
19162041
19162042
19163006
19163007
19163008
19163010
19163011
19163012
19163014
19163015
19163016
19163018
19163019
19163020
19163039
19163040
19163041
19164004
19164005
19164006
19164008
19164009
19164010
19164011
19164012
19164014
19164015
19164016
19164017
19165002
19165003
19165004
19165006
19165007
19165008
19165009
19165011
19165012
19165013
19165015
19165016
19165017
19165018
19165020
19165021
19165027
19165028
19165029
19166006
19166007
19166008
19166011
19166012
19166014
19166015
19167003
19167004
19167005
19167007
19167008
19167009
19167011
19167012
19167013
19167015
19167016
19167017
19167021
19167022
19167023
19167025
19167026
19167027
19167028
19167030
19167031
19167032
19167034
19167035
19167042
19167044
19167045
19167046
19167049
19168025
19168026
19168028
19168029
19168030
19168033
19168034
19168036
19168038
19168039
19168040
