19072013    0
19072014    1
19072015    2
19072016    3
19072017    4
19072018    5
19072019    6
19074001    7
19074002    8
19074003    9
19074004    10
19074005    11
19074006    12
19074007    13
19074008    14
19074009    15
19074010    16
19074011    17
19074012    18
19074013    19
19074014    20
19074015    21
19074016    22
19074017    23
19074018    24
19074019    25
19074020    26
19074021    27
19074022    28
19074023    29
19074024    30
19074025    31
19074026    32
19074027    33
19074028    34
19074029    35
19074030    36
19074031    37
19074032    38
19074033    39
19074034    40
19074036    41
19074037    42
19074038    43
19074039    44
19074040    45
19074041    46
19074043    47
19075052    48
19075054    49
19075055    50
19075056    51
19075058    52
19075059    53
19075060    54
19075061    55
19075062    56
19075063    57
19075064    58
19075065    59
19075066    60
19075067    61
19075068    62
19075069    63
19075070    64
19076001    65
19076002    66
19076006    67
19076007    68
19076011    69
19076013    70
19076014    71
19076015    72
19076016    73
19076017    74
19076018    75
19076019    76
19076021    77
19076022    78
19076023    79
19076024    80
19076025    81
19076026    82
19076027    83
19076028    84
19076029    85
19076030    86
19076031    87
19076032    88
19077034    89
19077035    90
19077036    91
19077037    92
19077038    93
19077039    94
19077040    95
19077041    96
19077042    97
19077044    98
19077045    99
19077046    100
19077047    101
19077048    102
19077049    103
19077050    104
19077051    105
19077052    106
19077053    107
19077054    108
19077055    109
19078005    110
19078006    111
19078007    112
19078008    113
19078009    114
19078010    115
19078011    116
19078012    117
19078013    118
19078014    119
19078015    120
19079043    121
19079044    122
19079045    123
19079046    124
19079047    125
19079048    126
19079049    127
19079051    128
19079052    129
19079053    130
19079054    131
19079055    132
19079056    133
19079057    134
19080001    135
19080002    136
19080003    137
19080004    138
19080005    139
19080006    140
19080007    141
19080008    142
19080009    143
19080010    144
19080013    145
19080075    146
19080076    147
19080077    148
19080078    149
19080079    150
19080080    151
19080081    152
19080082    153
19080083    154
19080084    155
19080085    156
19080086    157
19080087    158
19080088    159
19080089    160
19080090    161
19080091    162
19080092    163
19080093    164
19080094    165
19080095    166
19080096    167
19080097    168
19081001    169
19081002    170
19081003    171
19081004    172
19081005    173
19081006    174
19081007    175
19081008    176
19081009    177
19081010    178
19081011    179
19081012    180
19081013    181
19081014    182
19081015    183
19081016    184
19081017    185
19081018    186
19081019    187
19081020    188
19081021    189
19081022    190
19081023    191
19081024    192
19081025    193
19081026    194
19081027    195
19082027    196
19082028    197
19082029    198
19082030    199
19082031    200
19082032    201
19082033    202
19082034    203
19082035    204
19082036    205
19082037    206
19082038    207
19082043    208
19082044    209
19082045    210
19082046    211
19082047    212
19082048    213
19083001    214
19083002    215
19083003    216
19083004    217
19083005    218
19083006    219
19083007    220
19083008    221
19083009    222
19083010    223
19083011    224
19083012    225
19083013    226
19083014    227
19083015    228
19083016    229
19083017    230
19083018    231
19083019    232
19083020    233
19083021    234
19083022    235
19083023    236
19083024    237
19083025    238
19083026    239
19083027    240
19083028    241
19083029    242
19084053    243
19084054    244
19084055    245
19084056    246
19084057    247
19084059    248
19084060    249
19084061    250
19084062    251
19084063    252
19084064    253
19084065    254
19084066    255
19084067    256
19084068    257
19084069    258
19084070    259
19084071    260
19084072    261
19085001    262
19085002    263
19085003    264
19085004    265
19085005    266
19085006    267
19085007    268
19085008    269
19085009    270
19085010    271
19085011    272
19085012    273
19085013    274
19085014    275
19085015    276
19085016    277
19085017    278
19085018    279
19085019    280
19085020    281
19085021    282
19085023    283
19085024    284
19085025    285
19085026    286
19086032    287
19086033    288
19086034    289
19086037    290
19086038    291
19086039    292
19086040    293
19086041    294
19086042    295
19086043    296
19086044    297
19086045    298
19086047    299
19086048    300
19086050    301
19086051    302
19086052    303
19086053    304
19086054    305
19086055    306
19086056    307
19086057    308
19086058    309
19086059    310
19086060    311
19086061    312
19086062    313
19086063    314
19086064    315
19086065    316
19086066    317
19086067    318
19086068    319
19086069    320
19086070    321
19086071    322
19086072    323
19086073    324
19086074    325
19086075    326
19086076    327
19086077    328
19086078    329
19086079    330
19086080    331
19087001    332
19087002    333
19087006    334
19087007    335
19087008    336
19087009    337
19087010    338
19087011    339
19087012    340
19087013    341
19087014    342
19087015    343
19087016    344
19087017    345
19087021    346
19087022    347
19087026    348
19087027    349
19087028    350
19087029    351
19087030    352
19087033    353
19087035    354
19087036    355
19087037    356
19087038    357
19087040    358
19087042    359
19087047    360
19089047    361
19089048    362
19089049    363
19089050    364
19089051    365
19089052    366
19089053    367
19089054    368
19089055    369
19089056    370
19089057    371
19089058    372
19089059    373
19089060    374
19089064    375
19089065    376
19089066    377
19089067    378
19089068    379
19090001    380
19090002    381
19090003    382
19090004    383
19090005    384
19090006    385
19090007    386
19090008    387
19090009    388
19090010    389
19090011    390
19090012    391
19090013    392
19090014    393
19090015    394
19090016    395
19090017    396
19090018    397
19090019    398
19090020    399
19090021    400
19090022    401
19090023    402
19090024    403
19090025    404
19091048    405
19091050    406
19091051    407
19091053    408
19091070    409
19091071    410
19091073    411
19091074    412
19091075    413
19091076    414
19091077    415
19091078    416
19091079    417
19091080    418
19091083    419
19091084    420
19091085    421
19091086    422
19091087    423
19091088    424
19091089    425
19091090    426
19091091    427
19091092    428
19091093    429
19091094    430
19091095    431
19091096    432
19091097    433
19091098    434
19091099    435
19091100    436
19091101    437
19091102    438
19091103    439
19091104    440
19091105    441
19091106    442
19091107    443
19091108    444
19091109    445
19091110    446
19091111    447
19091112    448
19091113    449
19091114    450
19091116    451
19091117    452
19091118    453
19091119    454
19091120    455
19092001    456
19092002    457
19092003    458
19092004    459
19092005    460
19092006    461
19092007    462
19092010    463
19092011    464
19092012    465
19092013    466
19092014    467
19092015    468
19092016    469
19092017    470
19092018    471
19092019    472
19092020    473
19092022    474
19092023    475
19092024    476
19092025    477
19092026    478
19092027    479
19092028    480
19092029    481
19092030    482
19092031    483
19092032    484
19092033    485
19093026    486
19093027    487
19093028    488
19093029    489
19093030    490
19093031    491
19093032    492
19093033    493
19093034    494
19093035    495
19093036    496
19093037    497
19093040    498
19093041    499
19093042    500
19093043    501
19093044    502
19093045    503
19093046    504
19093047    505
19093048    506
19093049    507
19093050    508
19093051    509
19093061    510
19093065    511
19093077    512
19094013    513
19094014    514
19094015    515
19094016    516
19094017    517
19094018    518
19094019    519
19094020    520
19094022    521
19094023    522
19094024    523
19094025    524
19094027    525
19094028    526
19095058    527
19095060    528
19095061    529
19096001    530
19096002    531
19096003    532
19096004    533
19096005    534
19096006    535
19096007    536
19096008    537
19096009    538
19096010    539
19096011    540
19096012    541
19096013    542
19096014    543
19096015    544
19096016    545
19096017    546
19096018    547
19096019    548
19096020    549
19096021    550
19096022    551
19096023    552
19096024    553
19096025    554
19096026    555
19096027    556
19096028    557
19096029    558
19096030    559
19096031    560
19096032    561
19096033    562
19096034    563
19096035    564
19096036    565
19096037    566
19096038    567
19096039    568
19096040    569
19096041    570
19096042    571
19096043    572
19096044    573
19096045    574
19096046    575
19097075    576
19097076    577
19098001    578
19098002    579
19098003    580
19098004    581
19098005    582
19098006    583
19098007    584
19098008    585
19098009    586
19098010    587
19098011    588
19098012    589
19098013    590
19098014    591
19098015    592
19098016    593
19098017    594
19098018    595
19098019    596
19098020    597
19098021    598
19098022    599
19098023    600
19098024    601
19098025    602
19098026    603
19098027    604
19098028    605
19098034    606
19098035    607
19098036    608
19098037    609
19098038    610
19098039    611
19098040    612
19098041    613
19098042    614
19098043    615
19098044    616
19098045    617
19098046    618
19098047    619
19098048    620
19098049    621
19098050    622
19099043    623
19099044    624
19099045    625
19099046    626
19099047    627
19099048    628
19099049    629
19099050    630
19100001    631
19100002    632
19100003    633
19100004    634
19100005    635
19100006    636
19100007    637
19100008    638
19100009    639
19100010    640
19100011    641
19100012    642
19100013    643
19100014    644
19100015    645
19100016    646
19100021    647
19100022    648
19100023    649
19100024    650
19101021    651
19101022    652
19101023    653
19101024    654
19102001    655
19102002    656
19102003    657
19102006    658
19102007    659
19102008    660
19102009    661
19102010    662
19102011    663
19102012    664
19102013    665
19102014    666
19102015    667
19102016    668
19102017    669
19102018    670
19102019    671
19102020    672
19102021    673
19102022    674
19102023    675
19102024    676
19102025    677
19102026    678
19102027    679
19102028    680
19102029    681
19103036    682
19103037    683
19103038    684
19103039    685
19103040    686
19103041    687
19103042    688
19103043    689
19103044    690
19103045    691
19103046    692
19103047    693
19103048    694
19103049    695
19103050    696
19103051    697
19103052    698
19103054    699
19103055    700
19104001    701
19104002    702
19104003    703
19104004    704
19104005    705
19104006    706
19104007    707
19104008    708
19104009    709
19104010    710
19104011    711
19104012    712
19104013    713
19104014    714
19104015    715
19104016    716
19104017    717
19104018    718
19104019    719
19104020    720
19104021    721
19104022    722
19104023    723
19104024    724
19104025    725
19104026    726
19105050    727
19105051    728
19105052    729
19105053    730
19105054    731
19105055    732
19106001    733
19106002    734
19106003    735
19106004    736
19106005    737
19106006    738
19106007    739
19106008    740
19106009    741
19106010    742
19106011    743
19106012    744
19106013    745
19106014    746
19106015    747
19106016    748
19106017    749
19106018    750
19106019    751
19106020    752
19106021    753
19106022    754
19106023    755
19106024    756
19106025    757
19106026    758
19106027    759
19106028    760
19106029    761
19106030    762
19106031    763
19106032    764
19106033    765
19106034    766
19106035    767
19106036    768
19106037    769
19107044    770
19107045    771
19107046    772
19107047    773
19107048    774
19107049    775
19107050    776
19107051    777
19107052    778
19107053    779
19107054    780
19107055    781
19107056    782
19107057    783
19107058    784
19107059    785
19107060    786
19107061    787
19108001    788
19108002    789
19108003    790
19108004    791
19108005    792
19108006    793
19108007    794
19108008    795
19108009    796
19108010    797
19108011    798
19108012    799
19108013    800
19108014    801
19108015    802
19108016    803
19108017    804
19110002    805
19110005    806
19110006    807
19110007    808
19110008    809
19110009    810
19110010    811
19110011    812
19110012    813
19110013    814
19110014    815
19110015    816
19110016    817
19110017    818
19110018    819
19110019    820
19110020    821
19110021    822
19110022    823
19110023    824
19110025    825
19110026    826
19110027    827
19110028    828
19110029    829
19110030    830
19110031    831
19111033    832
19111034    833
19111035    834
19111036    835
19111037    836
19111038    837
19111039    838
19111040    839
19111041    840
19111042    841
19111043    842
19111044    843
19111045    844
19111046    845
19111047    846
19111048    847
19111049    848
19111050    849
19111051    850
19111052    851
19111053    852
19111054    853
19112001    854
19112002    855
19112003    856
19112004    857
19112005    858
19112006    859
19112007    860
19112008    861
19112009    862
19112010    863
19112011    864
19112012    865
19112013    866
19112014    867
19112015    868
19112016    869
19112017    870
19112018    871
19112019    872
19112020    873
19112021    874
19112022    875
19112025    876
19112026    877
19112027    878
19112028    879
19112029    880
19113026    881
19113027    882
19113028    883
19113029    884
19113030    885
19113031    886
19113032    887
19113033    888
19113034    889
19113035    890
19113036    891
19113037    892
19114001    893
19114002    894
19114003    895
19114004    896
19114005    897
19114006    898
19114007    899
19114008    900
19114009    901
19114010    902
19114011    903
19114012    904
19114013    905
19114014    906
19114015    907
19114016    908
19114017    909
19114018    910
19114019    911
19114020    912
19114021    913
19114022    914
19114023    915
19114024    916
19114025    917
19114026    918
19114027    919
19114028    920
19114029    921
19114030    922
19116002    923
19116003    924
19116004    925
19116005    926
19116006    927
19116007    928
19116008    929
19116009    930
19116010    931
19116011    932
19116012    933
19116013    934
19116014    935
19116015    936
19116016    937
19116017    938
19116018    939
19116019    940
19116021    941
19116022    942
19116032    943
19116033    944
19116034    945
19116035    946
19117001    947
19117002    948
19117003    949
19117004    950
19117005    951
19117006    952
19117007    953
19117008    954
19117009    955
19117010    956
19117011    957
19117012    958
19117013    959
19117014    960
19117015    961
19117016    962
19117017    963
19118043    964
19118044    965
19118045    966
19118046    967
19118047    968
19118048    969
19118049    970
19118050    971
19118051    972
19118052    973
19118053    974
19118054    975
19118055    976
19118056    977
19118057    978
19119001    979
19119002    980
19119003    981
19119004    982
19119005    983
19119006    984
19119007    985
19119008    986
19119009    987
19119010    988
19119011    989
19119012    990
19119013    991
19119014    992
19119015    993
19119016    994
19119017    995
19119018    996
19119019    997
19119020    998
19119021    999
19119022    1000
19119023    1001
19119024    1002
19119025    1003
19119026    1004
19120039    1005
19120040    1006
19120041    1007
19120042    1008
19120045    1009
19120046    1010
19120047    1011
19120048    1012
19120049    1013
19120050    1014
19120051    1015
19120052    1016
19120053    1017
19120054    1018
19120055    1019
19120056    1020
19120057    1021
19120058    1022
19120059    1023
19120060    1024
19120061    1025
19120062    1026
19120063    1027
19120064    1028
19120065    1029
19120066    1030
19120067    1031
19120068    1032
19121001    1033
19121002    1034
19121003    1035
19121004    1036
19121005    1037
19121006    1038
19121007    1039
19121008    1040
19121009    1041
19121010    1042
19121011    1043
19121012    1044
19121013    1045
19121014    1046
19121015    1047
19121016    1048
19121017    1049
19121018    1050
19121019    1051
19122054    1052
19122055    1053
19122056    1054
19123001    1055
19123002    1056
19123003    1057
19123004    1058
19123005    1059
19123006    1060
19123007    1061
19123008    1062
19123009    1063
19123010    1064
19123011    1065
19123012    1066
19123013    1067
19123014    1068
19123015    1069
19123049    1070
19124001    1071
19124002    1072
19124003    1073
19124004    1074
19124005    1075
19124006    1076
19124007    1077
19124008    1078
19124009    1079
19124010    1080
19124011    1081
19124012    1082
19124013    1083
19124014    1084
19124015    1085
19124016    1086
19124017    1087
19124018    1088
19124019    1089
19124020    1090
19124021    1091
19124022    1092
19124023    1093
19124024    1094
19124025    1095
19125028    1096
19125029    1097
19125030    1098
19125031    1099
19125032    1100
19125033    1101
19125034    1102
19125035    1103
19125036    1104
19125037    1105
19125038    1106
19125039    1107
19125040    1108
19125041    1109
19125042    1110
19125043    1111
19125044    1112
19125045    1113
19125046    1114
19125047    1115
19125048    1116
19125049    1117
19125050    1118
19126001    1119
19126002    1120
19126003    1121
19126004    1122
19126005    1123
19126006    1124
19126007    1125
19126008    1126
19126009    1127
19126010    1128
19126011    1129
19126012    1130
19126013    1131
19126014    1132
19126015    1133
19126016    1134
19127042    1135
19127043    1136
19127044    1137
19127045    1138
19127046    1139
19127047    1140
19128002    1141
19128003    1142
19128004    1143
19128005    1144
19128006    1145
19128007    1146
19128008    1147
19128009    1148
19128010    1149
19128011    1150
19128012    1151
19128013    1152
19128014    1153
19128015    1154
19128016    1155
19128017    1156
19128029    1157
19128030    1158
19128031    1159
19128033    1160
19128034    1161
19128035    1162
19128036    1163
19128037    1164
19128038    1165
19128039    1166
19128040    1167
19128041    1168
19128042    1169
19128043    1170
19128044    1171
19128045    1172
19128046    1173
19128047    1174
19128048    1175
19128049    1176
19129001    1177
19129002    1178
19129003    1179
19129004    1180
19129005    1181
19129006    1182
19129007    1183
19129008    1184
19129009    1185
19129010    1186
19129011    1187
19129012    1188
19129013    1189
19129014    1190
