19130085
19131009
19131010
19131012
19132063
19133009
19133010
19133012
19133013
19133014
19133018
19134010
19134011
19135011
19135013
19135014
19136016
19137003
19137022
19137047
19137050
19137051
19137052
19137053
19137056
19137057
19138008
19138009
19138014
19139022
19139023
19139024
19139026
19139027
19139028
19139032
19139033
19139034
19139037
19140009
19140014
19141008
19142005
19142048
19143008
19143009
19143010
19143011
19143012
19143013
19143014
19143015
19143016
19143017
19146016
19147007
19147008
19147009
19147010
19147014
19147015
19147016
19156002
19156032
19156044
19156045
19156046
19157013
19158003
19158007
19158009
19158010
19158011
19158013
19158014
19158015
19158017
19158018
19158019
19160018
19162002
19162005
19165015
19165020
19165021
19167042
