19151029    0
19151030    1
19151031    2
19151034    3
19151035    4
19151036    5
19151037    6
19151038    7
19151039    8
19151040    9
19151041    10
19151042    11
19151043    12
19151044    13
19151045    14
19151046    15
19151047    16
19151048    17
19151049    18
19151050    19
19151051    20
19151052    21
19151053    22
19151054    23
19151055    24
19151056    25
19151057    26
19151064    27
19151066    28
19151067    29
19151068    30
19151069    31
19151070    32
19151071    33
19151072    34
19151082    35
19151083    36
19151084    37
19152001    38
19152002    39
19152003    40
19152008    41
19152009    42
19152010    43
19152012    44
19152014    45
19152015    46
19152016    47
19152021    48
19152023    49
19152024    50
19152025    51
19152026    52
19152027    53
19152028    54
19152029    55
19152030    56
19152031    57
19152032    58
19152033    59
19152034    60
19152035    61
19152036    62
19152037    63
19152038    64
19152039    65
19152040    66
19152041    67
19152042    68
19152043    69
19152044    70
19152045    71
19152046    72
19152048    73
19152049    74
19152050    75
19152051    76
19152052    77
19152053    78
19152054    79
19152055    80
19152071    81
19152072    82
19152073    83
19152074    84
19152075    85
19152076    86
19152077    87
19152078    88
19152079    89
19152080    90
19152081    91
19153001    92
19153002    93
19153003    94
19153004    95
19153005    96
19153006    97
19153007    98
19153008    99
19153009    100
19153010    101
19153011    102
19153012    103
19153013    104
19153014    105
19153015    106
19153016    107
19153017    108
19153018    109
19153019    110
19153020    111
19153021    112
19153022    113
19153023    114
19153024    115
19153025    116
19153027    117
19153028    118
19153029    119
19153030    120
19153031    121
19153032    122
19153033    123
19153034    124
19153035    125
19153036    126
19153037    127
19153042    128
19153043    129
19153044    130
19153050    131
19153051    132
19153052    133
19153053    134
19153054    135
19153055    136
19153056    137
19153057    138
19153058    139
19153059    140
19153060    141
19153061    142
19153062    143
19153063    144
19153064    145
19153065    146
19153066    147
19154001    148
19154002    149
19154005    150
19154007    151
19154008    152
19154009    153
19154010    154
19154011    155
19154012    156
19154013    157
19154014    158
19154015    159
19154016    160
19154017    161
19154018    162
19154019    163
19154020    164
19154021    165
19154022    166
19154023    167
19154024    168
19154026    169
19154027    170
19154028    171
19154029    172
19154030    173
19154031    174
19154032    175
19154036    176
19154037    177
19154038    178
19154039    179
19154040    180
19154041    181
19154043    182
19154044    183
19154045    184
19154046    185
19154047    186
19154048    187
19154049    188
19154050    189
19154051    190
19154052    191
19154053    192
19154054    193
19154055    194
19154056    195
19154057    196
19154058    197
19154061    198
19154062    199
19154063    200
19154064    201
19154065    202
19154066    203
19154067    204
19155001    205
19155002    206
19155003    207
19155004    208
19155005    209
19155006    210
19155007    211
19155008    212
19155009    213
19155010    214
19155011    215
19155012    216
19155013    217
19155014    218
19155015    219
19155016    220
19155017    221
19155018    222
19155019    223
19155020    224
19155021    225
19155022    226
