19072013
19072014
19072015
19072016
19072017
19072018
19072019
19074001
19074002
19074003
19074004
19074005
19074006
19074007
19074008
19074009
19074010
19074011
19074012
19074013
19074014
19074015
19074016
19074017
19074018
19074019
19074020
19074021
19074022
19074023
19074024
19074025
19074026
19074027
19074028
19074029
19074030
19074031
19074032
19074033
19074034
19074036
19074037
19074038
19074039
19074040
19074041
19074043
19075052
19075054
19075055
19075056
19075058
19075059
19075060
19075061
19075062
19075063
19075064
19075065
19075066
19075067
19075068
19075069
19075070
19076001
19076002
19076006
19076007
19076011
19076013
19076014
19076015
19076016
19076017
19076018
19076019
19076021
19076022
19076023
19076024
19076025
19076026
19076027
19076028
19076029
19076030
19076031
19076032
19077034
19077035
19077036
19077037
19077038
19077039
19077040
19077041
19077042
19077044
19077045
19077046
19077047
19077048
19077049
19077050
19077051
19077052
19077053
19077054
19077055
19078005
19078006
19078007
19078008
19078009
19078010
19078011
19078012
19078013
19078014
19078015
19079043
19079044
19079045
19079046
19079047
19079048
19079049
19079051
19079052
19079053
19079054
19079055
19079056
19079057
19080001
19080002
19080003
19080004
19080005
19080006
19080007
19080008
19080009
19080010
19080013
19080075
19080076
19080077
19080078
19080079
19080080
19080081
19080082
19080083
19080084
19080085
19080086
19080087
19080088
19080089
19080090
19080091
19080092
19080093
19080094
19080095
19080096
19080097
19081001
19081002
19081003
19081004
19081005
19081006
19081007
19081008
19081009
19081010
19081011
19081012
19081013
19081014
19081015
19081016
19081017
19081018
19081019
19081020
19081021
19081022
19081023
19081024
19081025
19081026
19081027
19082027
19082028
19082029
19082030
19082031
19082032
19082033
19082034
19082035
19082036
19082037
19082038
19082043
19082044
19082045
19082046
19082047
19082048
19083001
19083002
19083003
19083004
19083005
19083006
19083007
19083008
19083009
19083010
19083011
19083012
19083013
19083014
19083015
19083016
19083017
19083018
19083019
19083020
19083021
19083022
19083023
19083024
19083025
19083026
19083027
19083028
19083029
19084053
19084054
19084055
19084056
19084057
19084059
19084060
19084061
19084062
19084063
19084064
19084065
19084066
19084067
19084068
19084069
19084070
19084071
19084072
19085001
19085002
19085003
19085004
19085005
19085006
19085007
19085008
19085009
19085010
19085011
19085012
19085013
19085014
19085015
19085016
19085017
19085018
19085019
19085020
19085021
19085023
19085024
19085025
19085026
19086032
19086033
19086034
19086037
19086038
19086039
19086040
19086041
19086042
19086043
19086044
19086045
19086047
19086048
19086050
19086051
19086052
19086053
19086054
19086055
19086056
19086057
19086058
19086059
19086060
19086061
19086062
19086063
19086064
19086065
19086066
19086067
19086068
19086069
19086070
19086071
19086072
19086073
19086074
19086075
19086076
19086077
19086078
19086079
19086080
19087001
19087002
19087006
19087007
19087008
19087009
19087010
19087011
19087012
19087013
19087014
19087015
19087016
19087017
19087021
19087022
19087026
19087027
19087028
19087029
19087030
19087033
19087035
19087036
19087037
19087038
19087040
19087042
19087047
19089047
19089048
19089049
19089050
19089051
19089052
19089053
19089054
19089055
19089056
19089057
19089058
19089059
19089060
19089064
19089065
19089066
19089067
19089068
19090001
19090002
19090003
19090004
19090005
19090006
19090007
19090008
19090009
19090010
19090011
19090012
19090013
19090014
19090015
19090016
19090017
19090018
19090019
19090020
19090021
19090022
19090023
19090024
19090025
19091048
19091050
19091051
19091053
19091070
19091071
19091073
19091074
19091075
19091076
19091077
19091078
19091079
19091080
19091083
19091084
19091085
19091086
19091087
19091088
19091089
19091090
19091091
19091092
19091093
19091094
19091095
19091096
19091097
19091098
19091099
19091100
19091101
19091102
19091103
19091104
19091105
19091106
19091107
19091108
19091109
19091110
19091111
19091112
19091113
19091114
19091116
19091117
19091118
19091119
19091120
19092001
19092002
19092003
19092004
19092005
19092006
19092007
19092010
19092011
19092012
19092013
19092014
19092015
19092016
19092017
19092018
19092019
19092020
19092022
19092023
19092024
19092025
19092026
19092027
19092028
19092029
19092030
19092031
19092032
19092033
19093026
19093027
19093028
19093029
19093030
19093031
19093032
19093033
19093034
19093035
19093036
19093037
19093040
19093041
19093042
19093043
19093044
19093045
19093046
19093047
19093048
19093049
19093050
19093051
19093061
19093065
19093077
19094013
19094014
19094015
19094016
19094017
19094018
19094019
19094020
19094022
19094023
19094024
19094025
19094027
19094028
19095058
19095060
19095061
19096001
19096002
19096003
19096004
19096005
19096006
19096007
19096008
19096009
19096010
19096011
19096012
19096013
19096014
19096015
19096016
19096017
19096018
19096019
19096020
19096021
19096022
19096023
19096024
19096025
19096026
19096027
19096028
19096029
19096030
19096031
19096032
19096033
19096034
19096035
19096036
19096037
19096038
19096039
19096040
19096041
19096042
19096043
19096044
19096045
19096046
19097075
19097076
19098001
19098002
19098003
19098004
19098005
19098006
19098007
19098008
19098009
19098010
19098011
19098012
19098013
19098014
19098015
19098016
19098017
19098018
19098019
19098020
19098021
19098022
19098023
19098024
19098025
19098026
19098027
19098028
19098034
19098035
19098036
19098037
19098038
19098039
19098040
19098041
19098042
19098043
19098044
19098045
19098046
19098047
19098048
19098049
19098050
19099043
19099044
19099045
19099046
19099047
19099048
19099049
19099050
19100001
19100002
19100003
19100004
19100005
19100006
19100007
19100008
19100009
19100010
19100011
19100012
19100013
19100014
19100015
19100016
19100021
19100022
19100023
19100024
19101021
19101022
19101023
19101024
19102001
19102002
19102003
19102006
19102007
19102008
19102009
19102010
19102011
19102012
19102013
19102014
19102015
19102016
19102017
19102018
19102019
19102020
19102021
19102022
19102023
19102024
19102025
19102026
19102027
19102028
19102029
19103036
19103037
19103038
19103039
19103040
19103041
19103042
19103043
19103044
19103045
19103046
19103047
19103048
19103049
19103050
19103051
19103052
19103054
19103055
19104001
19104002
19104003
19104004
19104005
19104006
19104007
19104008
19104009
19104010
19104011
19104012
19104013
19104014
19104015
19104016
19104017
19104018
19104019
19104020
19104021
19104022
19104023
19104024
19104025
19104026
19105050
19105051
19105052
19105053
19105054
19105055
19106001
19106002
19106003
19106004
19106005
19106006
19106007
19106008
19106009
19106010
19106011
19106012
19106013
19106014
19106015
19106016
19106017
19106018
19106019
19106020
19106021
19106022
19106023
19106024
19106025
19106026
19106027
19106028
19106029
19106030
19106031
19106032
19106033
19106034
19106035
19106036
19106037
19107044
19107045
19107046
19107047
19107048
19107049
19107050
19107051
19107052
19107053
19107054
19107055
19107056
19107057
19107058
19107059
19107060
19107061
19108001
19108002
19108003
19108004
19108005
19108006
19108007
19108008
19108009
19108010
19108011
19108012
19108013
19108014
19108015
19108016
19108017
19110002
19110005
19110006
19110007
19110008
19110009
19110010
19110011
19110012
19110013
19110014
19110015
19110016
19110017
19110018
19110019
19110020
19110021
19110022
19110023
19110025
19110026
19110027
19110028
19110029
19110030
19110031
19111033
19111034
19111035
19111036
19111037
19111038
19111039
19111040
19111041
19111042
19111043
19111044
19111045
19111046
19111047
19111048
19111049
19111050
19111051
19111052
19111053
19111054
19112001
19112002
19112003
19112004
19112005
19112006
19112007
19112008
19112009
19112010
19112011
19112012
19112013
19112014
19112015
19112016
19112017
19112018
19112019
19112020
19112021
19112022
19112025
19112026
19112027
19112028
19112029
19113026
19113027
19113028
19113029
19113030
19113031
19113032
19113033
19113034
19113035
19113036
19113037
19114001
19114002
19114003
19114004
19114005
19114006
19114007
19114008
19114009
19114010
19114011
19114012
19114013
19114014
19114015
19114016
19114017
19114018
19114019
19114020
19114021
19114022
19114023
19114024
19114025
19114026
19114027
19114028
19114029
19114030
19116002
19116003
19116004
19116005
19116006
19116007
19116008
19116009
19116010
19116011
19116012
19116013
19116014
19116015
19116016
19116017
19116018
19116019
19116021
19116022
19116032
19116033
19116034
19116035
19117001
19117002
19117003
19117004
19117005
19117006
19117007
19117008
19117009
19117010
19117011
19117012
19117013
19117014
19117015
19117016
19117017
19118043
19118044
19118045
19118046
19118047
19118048
19118049
19118050
19118051
19118052
19118053
19118054
19118055
19118056
19118057
19119001
19119002
19119003
19119004
19119005
19119006
19119007
19119008
19119009
19119010
19119011
19119012
19119013
19119014
19119015
19119016
19119017
19119018
19119019
19119020
19119021
19119022
19119023
19119024
19119025
19119026
19120039
19120040
19120041
19120042
19120045
19120046
19120047
19120048
19120049
19120050
19120051
19120052
19120053
19120054
19120055
19120056
19120057
19120058
19120059
19120060
19120061
19120062
19120063
19120064
19120065
19120066
19120067
19120068
19121001
19121002
19121003
19121004
19121005
19121006
19121007
19121008
19121009
19121010
19121011
19121012
19121013
19121014
19121015
19121016
19121017
19121018
19121019
19122054
19122055
19122056
19123001
19123002
19123003
19123004
19123005
19123006
19123007
19123008
19123009
19123010
19123011
19123012
19123013
19123014
19123015
19123049
19124001
19124002
19124003
19124004
19124005
19124006
19124007
19124008
19124009
19124010
19124011
19124012
19124013
19124014
19124015
19124016
19124017
19124018
19124019
19124020
19124021
19124022
19124023
19124024
19124025
19125028
19125029
19125030
19125031
19125032
19125033
19125034
19125035
19125036
19125037
19125038
19125039
19125040
19125041
19125042
19125043
19125044
19125045
19125046
19125047
19125048
19125049
19125050
19126001
19126002
19126003
19126004
19126005
19126006
19126007
19126008
19126009
19126010
19126011
19126012
19126013
19126014
19126015
19126016
19127042
19127043
19127044
19127045
19127046
19127047
19128002
19128003
19128004
19128005
19128006
19128007
19128008
19128009
19128010
19128011
19128012
19128013
19128014
19128015
19128016
19128017
19128029
19128030
19128031
19128033
19128034
19128035
19128036
19128037
19128038
19128039
19128040
19128041
19128042
19128043
19128044
19128045
19128046
19128047
19128048
19128049
19129001
19129002
19129003
19129004
19129005
19129006
19129007
19129008
19129009
19129010
19129011
19129012
19129013
19129014
