15076101    0
15076102    1
15076105    2
15076108    3
15076109    4
15077001    5
15077002    6
15077003    7
15077004    8
15077006    9
15077007    10
15077008    11
15077011    12
15077012    13
15077014    14
15077015    15
15077017    16
15077018    17
15077019    18
15077020    19
15077033    20
15077035    21
15077036    22
15077039    23
15077042    24
15077043    25
15077044    26
15077045    27
15077046    28
15077047    29
15077048    30
15077049    31
15077050    32
15077051    33
15077055    34
15077056    35
15077057    36
15077059    37
15077060    38
15077061    39
15077062    40
15077063    41
15077066    42
15077067    43
15077069    44
15077070    45
15077079    46
15077080    47
15078001    48
15078002    49
15078003    50
15078004    51
15078005    52
15078006    53
15078011    54
15078017    55
15078018    56
15078019    57
15078021    58
15078069    59
15078071    60
15078073    61
15078074    62
15078075    63
15078103    64
15078104    65
15078107    66
15078108    67
15078109    68
15078110    69
15078111    70
15078113    71
15079001    72
15079002    73
15079009    74
15079010    75
15079013    76
15079014    77
15079016    78
15079017    79
15079018    80
15079019    81
15079020    82
15079021    83
15079022    84
15079023    85
15079024    86
15079025    87
15079026    88
15079027    89
15079041    90
15079042    91
15079046    92
15079047    93
15079048    94
15079050    95
15079051    96
15079052    97
15079056    98
15079057    99
15079058    100
15079059    101
15079060    102
15079061    103
15079062    104
15079063    105
15080002    106
15080003    107
15080004    108
15080005    109
15080006    110
15080007    111
15080008    112
15080009    113
15080010    114
15080011    115
15080012    116
15080013    117
15080014    118
15080015    119
15080016    120
15080024    121
15080029    122
15080035    123
15080036    124
15080037    125
15080038    126
15080039    127
15080041    128
15080042    129
15080043    130
15080044    131
15080045    132
15080053    133
15080054    134
15080055    135
15080056    136
15080057    137
15080058    138
15080059    139
15080060    140
15080061    141
15080062    142
15080063    143
15080064    144
15081002    145
15081003    146
15081004    147
15081005    148
15081006    149
15081007    150
15081008    151
15081009    152
15081010    153
15081011    154
15081012    155
15081013    156
15081014    157
15081015    158
15081016    159
15081017    160
15081022    161
15081023    162
15081024    163
15081025    164
15081026    165
15081027    166
15081028    167
15081029    168
15081034    169
15081036    170
15081037    171
15081038    172
15081041    173
15081042    174
15081043    175
15081044    176
15082004    177
15082005    178
15082007    179
15082008    180
15082009    181
15082013    182
15082014    183
15082016    184
15082017    185
15082018    186
15082021    187
15082022    188
15082023    189
15082024    190
15082025    191
15082028    192
15082030    193
15082031    194
15082052    195
15082053    196
15082055    197
15082056    198
15082057    199
15082058    200
15082059    201
15082060    202
15082064    203
15082065    204
15082066    205
15082067    206
15082069    207
15082071    208
15082073    209
15082074    210
15082075    211
15083002    212
15083003    213
15083004    214
15083005    215
15083007    216
15083008    217
15083009    218
15083010    219
15083014    220
15083015    221
15083017    222
15083019    223
15083021    224
15083023    225
15083024    226
15083025    227
15083027    228
15083028    229
15083029    230
15083030    231
15083031    232
15083061    233
15084002    234
15084006    235
15084007    236
15084008    237
15084009    238
15084010    239
15084011    240
15084022    241
15084025    242
15084027    243
15084028    244
15084029    245
15084030    246
15084031    247
15084036    248
15084037    249
15084038    250
15084039    251
15084040    252
15084052    253
15084053    254
15084054    255
15084055    256
15084058    257
15084059    258
15084060    259
15084061    260
15084062    261
15084063    262
15084064    263
15084066    264
15084067    265
15084068    266
15084069    267
15084070    268
15084091    269
15084092    270
15084093    271
15085001    272
15085002    273
15085003    274
15085004    275
15085005    276
15085006    277
15085007    278
15085008    279
15085010    280
15085012    281
15085013    282
15085014    283
15085015    284
15085016    285
15085017    286
15085018    287
15085019    288
15085020    289
15085021    290
15085022    291
15085115    292
15086001    293
15086003    294
15086004    295
15086005    296
15086006    297
15086007    298
15086009    299
15086010    300
15086011    301
15086012    302
15086013    303
15086014    304
15086016    305
15086017    306
15086018    307
15086046    308
15086050    309
15086051    310
15086054    311
15086055    312
15086058    313
15086060    314
15086061    315
15086062    316
15086063    317
15086064    318
15086065    319
15086066    320
15086067    321
15086068    322
15086069    323
15086072    324
15086073    325
15086074    326
15086075    327
15086076    328
15086077    329
15086078    330
15086079    331
15086082    332
15087001    333
15087002    334
15087004    335
15087006    336
15087007    337
15087008    338
15087009    339
15087010    340
15087011    341
15087012    342
15087013    343
15087016    344
15087017    345
15087018    346
15087019    347
15087020    348
15087022    349
15087036    350
15087037    351
15087038    352
15087039    353
15087040    354
15087041    355
15087042    356
15087043    357
15087046    358
15087047    359
15087049    360
15087050    361
15087055    362
15087056    363
15087058    364
15088003    365
15088004    366
15088005    367
15088006    368
15088069    369
15089002    370
15089004    371
15089005    372
15089006    373
15089007    374
15089008    375
15089009    376
15089010    377
15089023    378
15089024    379
15089025    380
15089026    381
15089027    382
15089028    383
15089029    384
15089030    385
15089031    386
15089032    387
15089033    388
15089034    389
15089036    390
15089037    391
15089038    392
15089039    393
15089040    394
15089041    395
15089042    396
15089044    397
15089045    398
15089051    399
15089052    400
15089053    401
15090002    402
15090003    403
15090004    404
15090005    405
15090006    406
15090007    407
15090008    408
15090010    409
15090020    410
15090022    411
15090038    412
15090039    413
15090047    414
15090048    415
15090049    416
15090050    417
15090053    418
15090054    419
15090056    420
15090058    421
15090059    422
15090060    423
15090062    424
15090063    425
15090064    426
15090065    427
15090066    428
15090067    429
15090068    430
15091006    431
15091007    432
15091024    433
15091025    434
15091026    435
15091027    436
15091028    437
15091029    438
15091033    439
15091034    440
15091036    441
15091037    442
15091038    443
15091040    444
15091041    445
15091042    446
15091045    447
15091046    448
15092004    449
15092005    450
15092007    451
15092008    452
15092009    453
15092011    454
15092012    455
15092013    456
15092016    457
15092017    458
15092018    459
15092077    460
15092078    461
15092079    462
15093001    463
15093002    464
15093003    465
15093004    466
15093005    467
15093006    468
15093007    469
15093008    470
15093010    471
15093011    472
15093013    473
15093015    474
15093016    475
15093017    476
15093018    477
15093031    478
15093034    479
15093035    480
15093036    481
15093037    482
15093038    483
15093039    484
15093040    485
15093041    486
15093043    487
15093044    488
15093045    489
15093046    490
15093048    491
15093049    492
15093050    493
15093051    494
15093052    495
15093053    496
15093054    497
15093061    498
15093062    499
15093063    500
15093064    501
15094001    502
15094002    503
15094007    504
15094008    505
15094009    506
15094010    507
15094011    508
15094012    509
15094013    510
15094014    511
15094015    512
15094016    513
15094017    514
15094019    515
15094020    516
15094056    517
15094057    518
15094058    519
15094059    520
15094060    521
15094064    522
15094065    523
15094066    524
15094069    525
15094070    526
15094071    527
15094073    528
15095008    529
15095009    530
15095010    531
15095011    532
15095012    533
15095013    534
15095014    535
15095016    536
15095017    537
15095018    538
15095019    539
15095020    540
15095021    541
15095022    542
15095023    543
15095024    544
15095025    545
15095026    546
15095027    547
15095028    548
15095035    549
15095036    550
15095037    551
15095038    552
15095039    553
15095040    554
15095041    555
15095042    556
15095045    557
15095046    558
15095047    559
15095048    560
15095049    561
15095050    562
15095051    563
15095052    564
15096012    565
15096013    566
15096014    567
15096015    568
15096016    569
15096017    570
15096018    571
15096019    572
15096020    573
15096021    574
15096022    575
15096023    576
15096024    577
15096025    578
15096026    579
15096027    580
15096028    581
15096029    582
15096030    583
15096031    584
15096032    585
15096050    586
15096052    587
15096053    588
15096054    589
15096055    590
15096056    591
15096057    592
15096058    593
15096059    594
15097005    595
15097006    596
15097007    597
15097008    598
15097009    599
15097010    600
15097011    601
15097012    602
15097013    603
15097016    604
15097018    605
15097019    606
15097020    607
15097021    608
15097022    609
15097023    610
15097024    611
15097025    612
15097026    613
15097027    614
15097028    615
15097029    616
15097030    617
15097032    618
15097034    619
15097039    620
15097040    621
15097041    622
15097042    623
15097043    624
15097044    625
15097046    626
15097049    627
15097050    628
15097051    629
15097054    630
15097055    631
15097056    632
15097057    633
15097059    634
15097061    635
15097062    636
15097063    637
15097064    638
15097065    639
15098001    640
15098002    641
15098003    642
15098005    643
15098007    644
15098008    645
15098010    646
15098011    647
15098012    648
15098013    649
15098014    650
15098015    651
15098016    652
15098017    653
15098018    654
15098019    655
15098020    656
15098021    657
15098022    658
15098024    659
15098028    660
15098029    661
15098035    662
15098036    663
15098037    664
15098038    665
15098039    666
15098040    667
15098041    668
15098042    669
15098067    670
15098068    671
15098069    672
15098070    673
15098071    674
15098072    675
15098073    676
15098074    677
15098075    678
15098076    679
15098077    680
15099001    681
15099002    682
15100009    683
15100010    684
15100011    685
15100024    686
15100025    687
15100026    688
15100027    689
15100028    690
15100029    691
15100030    692
15100031    693
15100032    694
15100033    695
15100035    696
15100036    697
15100037    698
15100038    699
15100039    700
15100040    701
15100100    702
15100101    703
15100102    704
15100103    705
15100124    706
15101001    707
15101002    708
15101003    709
15101004    710
15101005    711
15101006    712
15101007    713
15101008    714
15101009    715
15101010    716
15101011    717
15101012    718
15101013    719
15101014    720
15101015    721
15101016    722
15101017    723
15101018    724
15101019    725
15101020    726
15101021    727
15101022    728
15101023    729
15101040    730
15101041    731
15101042    732
15101043    733
15101044    734
15101045    735
15101046    736
15101047    737
15101049    738
15101050    739
15101051    740
15102006    741
15102007    742
15102008    743
15102009    744
15102010    745
15102011    746
15102012    747
15102013    748
15102014    749
15102015    750
15102016    751
15102017    752
15102018    753
15102019    754
15102020    755
15102021    756
15102022    757
15102023    758
15102024    759
15102026    760
15102032    761
15102033    762
15102034    763
15102035    764
15102036    765
15102037    766
15102038    767
15102039    768
15102040    769
15102041    770
15102042    771
15102043    772
15102044    773
15102046    774
15102047    775
15102050    776
15102053    777
15102056    778
15102057    779
15102058    780
15102059    781
15102060    782
15102068    783
15103010    784
15103011    785
15103013    786
15103014    787
15103015    788
15103016    789
15103017    790
15103018    791
15103019    792
15103020    793
15103021    794
15103022    795
15103023    796
15103024    797
15103025    798
15103026    799
15103027    800
15103028    801
15103029    802
15103030    803
15103031    804
15103042    805
15103043    806
15103045    807
15103046    808
15103049    809
15103050    810
15103051    811
15103052    812
15103053    813
15103054    814
15103055    815
15103056    816
15103057    817
15103058    818
15103059    819
15103060    820
15103062    821
15104002    822
15104003    823
15104004    824
15104006    825
15104007    826
15104008    827
15104010    828
15104011    829
15104012    830
15104013    831
15104014    832
15104015    833
15104016    834
15104017    835
15104018    836
15104019    837
15104020    838
15104021    839
15104022    840
15104023    841
15104024    842
15104037    843
15104039    844
15104040    845
15104042    846
15104043    847
15104044    848
15104052    849
15104053    850
15104054    851
15104055    852
15104056    853
15104057    854
15104058    855
15104059    856
15104060    857
15104062    858
15104063    859
15104064    860
15104065    861
15104066    862
15104067    863
15104068    864
15104069    865
15104070    866
15105001    867
15105002    868
15105003    869
15105004    870
15105005    871
15105006    872
15105008    873
15105010    874
15105012    875
15105013    876
15105015    877
15105016    878
15105017    879
15105018    880
15105019    881
15105020    882
15105021    883
15105023    884
15105024    885
15105025    886
15105026    887
15105028    888
15105029    889
15105030    890
15105031    891
15105032    892
15105033    893
15105054    894
15105055    895
15105056    896
15105057    897
15105058    898
15105061    899
15105062    900
15105063    901
15105064    902
15105065    903
15105067    904
15105068    905
15105070    906
15105071    907
15105072    908
15105073    909
15106001    910
15106002    911
15106005    912
15106008    913
15106009    914
15106010    915
15106011    916
15106131    917
15106132    918
15106133    919
15106134    920
15106135    921
15106136    922
15107001    923
15107002    924
15107003    925
15107004    926
15107005    927
15107006    928
15107008    929
15107009    930
15107010    931
15107011    932
15107013    933
15107014    934
15107015    935
15107063    936
15107064    937
15107065    938
15107073    939
15107074    940
15107075    941
15107076    942
15107077    943
15107078    944
15107079    945
15107080    946
15107081    947
15107082    948
15107083    949
15107084    950
15107085    951
15107086    952
15107087    953
15107088    954
15107089    955
15107090    956
15108001    957
15108003    958
15108004    959
15108005    960
15108007    961
15108008    962
15108009    963
15108010    964
15108011    965
15108012    966
15108013    967
15108014    968
15108015    969
15108016    970
15108017    971
15108018    972
15108019    973
15108020    974
15108021    975
15108022    976
15108023    977
15108024    978
15108025    979
15108027    980
15108028    981
15108056    982
15108057    983
15108058    984
15108059    985
15108063    986
15108069    987
15108072    988
15108073    989
15108074    990
15108075    991
15108076    992
15108077    993
15108078    994
15108079    995
15108080    996
15109001    997
15109002    998
15109004    999
15109005    1000
15109006    1001
15109007    1002
15109008    1003
15109009    1004
15109010    1005
15109011    1006
15109012    1007
15109013    1008
15109019    1009
15109020    1010
15109021    1011
15109024    1012
15109025    1013
15109026    1014
15109027    1015
15109028    1016
15109029    1017
15109030    1018
15109031    1019
15109032    1020
15109035    1021
15109036    1022
15109037    1023
15109038    1024
15109039    1025
15109040    1026
15109041    1027
15109042    1028
15109043    1029
15109045    1030
15109046    1031
15109051    1032
15109052    1033
15109054    1034
15109055    1035
15109056    1036
15109057    1037
15109058    1038
15109059    1039
15109060    1040
15109061    1041
15109062    1042
15109063    1043
15109065    1044
15110001    1045
15110002    1046
15110003    1047
15110004    1048
15110005    1049
15110008    1050
15110009    1051
15110010    1052
15110011    1053
15110012    1054
15110013    1055
15110015    1056
15110016    1057
15110017    1058
15110019    1059
15110020    1060
15110021    1061
15110022    1062
15110023    1063
15110024    1064
15110025    1065
15110026    1066
15110027    1067
15110028    1068
15110029    1069
15110030    1070
15110031    1071
15110032    1072
15110033    1073
15110034    1074
15110035    1075
15110038    1076
15110039    1077
15110040    1078
15110041    1079
15110042    1080
15110043    1081
15110045    1082
15110046    1083
15110047    1084
15110048    1085
15110049    1086
15110050    1087
15110051    1088
15110052    1089
15110053    1090
15110058    1091
15111001    1092
15111002    1093
15111003    1094
15111004    1095
15111005    1096
15111006    1097
15111007    1098
15111008    1099
15111009    1100
15111010    1101
15111011    1102
15111012    1103
15111013    1104
15111014    1105
15111015    1106
15111016    1107
15111050    1108
15111051    1109
15111052    1110
15111053    1111
15111065    1112
15111066    1113
15111067    1114
15111068    1115
15112001    1116
15112003    1117
15112004    1118
15112005    1119
15112006    1120
15112007    1121
15112009    1122
15112010    1123
15112011    1124
15112012    1125
15112013    1126
15112014    1127
15112019    1128
15112020    1129
15112021    1130
15112022    1131
15112023    1132
15112024    1133
15112025    1134
15112026    1135
15112027    1136
15112028    1137
15112029    1138
15112030    1139
15112031    1140
15112033    1141
15112034    1142
15112035    1143
15112036    1144
15112037    1145
15112038    1146
15112039    1147
15112040    1148
15112041    1149
15112042    1150
15112043    1151
15112044    1152
15112045    1153
15112046    1154
15112047    1155
15112048    1156
15112049    1157
15112050    1158
15112051    1159
15113001    1160
15113004    1161
15113005    1162
15113006    1163
15113009    1164
15113010    1165
15113011    1166
15113012    1167
15113103    1168
15113104    1169
15114001    1170
15114002    1171
15114003    1172
15114010    1173
15114011    1174
15114012    1175
15114013    1176
15114016    1177
15114017    1178
15114018    1179
15114019    1180
15114020    1181
15114021    1182
15114022    1183
15114023    1184
15114024    1185
15114025    1186
15114026    1187
15114027    1188
15114028    1189
15114034    1190
15114035    1191
15114036    1192
15114037    1193
15114038    1194
15114039    1195
15114040    1196
15114041    1197
15114042    1198
15114043    1199
15114044    1200
15114045    1201
15114046    1202
15114047    1203
15114048    1204
15114050    1205
15114051    1206
15114052    1207
15114053    1208
15114054    1209
15114055    1210
15114056    1211
15114057    1212
15114058    1213
15115012    1214
15115013    1215
15115014    1216
15115067    1217
15115068    1218
15115069    1219
15115070    1220
15115071    1221
15115072    1222
15115073    1223
15115074    1224
15115075    1225
15115076    1226
15115077    1227
15115078    1228
15115079    1229
15115080    1230
15115082    1231
15115083    1232
15115084    1233
15115085    1234
15115086    1235
15115087    1236
15115088    1237
15116002    1238
15116003    1239
15116004    1240
15116005    1241
15116015    1242
15116016    1243
15116017    1244
15116018    1245
15116019    1246
15116020    1247
15116021    1248
15116026    1249
15116029    1250
15116032    1251
15116033    1252
15116034    1253
15116035    1254
15116036    1255
15116037    1256
15116039    1257
15116040    1258
15116041    1259
15116042    1260
15116047    1261
15116048    1262
15116049    1263
15116050    1264
15116051    1265
15116052    1266
15116054    1267
15116055    1268
15116056    1269
15116057    1270
15116058    1271
15116059    1272
15116060    1273
15116061    1274
15116062    1275
15116068    1276
15117002    1277
15117003    1278
15117004    1279
15117005    1280
15117050    1281
15117051    1282
15117052    1283
15117053    1284
15117054    1285
15117055    1286
15117056    1287
15117057    1288
15117058    1289
15117059    1290
15117060    1291
15117061    1292
15117062    1293
15117063    1294
15117064    1295
15117065    1296
15117066    1297
15117067    1298
15117068    1299
15117069    1300
15117070    1301
15118003    1302
15118004    1303
15118005    1304
15118006    1305
15118007    1306
15118008    1307
15118009    1308
15118011    1309
15118013    1310
15118014    1311
15118015    1312
15118016    1313
15118017    1314
15118018    1315
15118019    1316
15118020    1317
15118021    1318
15118022    1319
15118023    1320
15118024    1321
15118052    1322
15118053    1323
15118054    1324
15118055    1325
15118056    1326
15118057    1327
15118058    1328
15118059    1329
15118060    1330
15118063    1331
15118064    1332
15118065    1333
15118066    1334
15119008    1335
15119009    1336
15119011    1337
15119012    1338
15119013    1339
15119014    1340
15119015    1341
15119018    1342
15119019    1343
15119020    1344
15119021    1345
15119022    1346
15119023    1347
15119024    1348
15119025    1349
15119026    1350
15119027    1351
15119028    1352
15119029    1353
15119031    1354
15119034    1355
15119035    1356
15119036    1357
15119042    1358
15119043    1359
15119045    1360
15119046    1361
15119049    1362
15119051    1363
15119052    1364
15119053    1365
15119054    1366
15119055    1367
15119056    1368
15119057    1369
15119058    1370
15119059    1371
15119061    1372
15119063    1373
15119064    1374
15119065    1375
15120001    1376
15120002    1377
15120004    1378
15120005    1379
15120006    1380
15120007    1381
15120008    1382
15120009    1383
15120011    1384
15120105    1385
15120106    1386
15120108    1387
15120109    1388
15120115    1389
15120117    1390
15121001    1391
15121002    1392
15121003    1393
15121004    1394
15121005    1395
15121006    1396
15121007    1397
15121008    1398
15121009    1399
15121012    1400
15121013    1401
15121015    1402
15121016    1403
15121017    1404
15121018    1405
15121060    1406
15121061    1407
15121062    1408
15121063    1409
15121065    1410
15121066    1411
15121067    1412
15121068    1413
15121070    1414
15121071    1415
15121072    1416
15121076    1417
15121077    1418
15121078    1419
15122003    1420
15122004    1421
15122006    1422
15122008    1423
15122010    1424
15122011    1425
15122017    1426
15122018    1427
15122019    1428
15122020    1429
15122023    1430
15122026    1431
15122027    1432
15122030    1433
15122031    1434
15122034    1435
15122039    1436
15122041    1437
15122042    1438
15122043    1439
15122044    1440
15122045    1441
15122046    1442
15122047    1443
15122048    1444
15122049    1445
15122056    1446
15122057    1447
15122058    1448
15122059    1449
15122060    1450
15122061    1451
15122062    1452
15122063    1453
15122064    1454
15122065    1455
15123001    1456
15123002    1457
15123003    1458
15123006    1459
15123009    1460
15123010    1461
15123011    1462
15123013    1463
15123014    1464
15123015    1465
15123016    1466
15123017    1467
15123018    1468
15123019    1469
15123020    1470
15123021    1471
15123022    1472
15123023    1473
15123024    1474
15123025    1475
15123026    1476
15123027    1477
15123028    1478
15123034    1479
15123035    1480
15123036    1481
15123037    1482
15123044    1483
15123045    1484
15123047    1485
15123048    1486
15123049    1487
15123050    1488
15123051    1489
15123053    1490
15123054    1491
15124001    1492
15124002    1493
15124003    1494
15124004    1495
15124006    1496
15124008    1497
15124010    1498
15124021    1499
15124022    1500
15124023    1501
15124025    1502
15124026    1503
15124027    1504
15124028    1505
15124031    1506
15124032    1507
15124033    1508
15124034    1509
15124035    1510
15124040    1511
15124041    1512
15124042    1513
15124043    1514
15124044    1515
15124049    1516
15124050    1517
15124052    1518
15124053    1519
15124054    1520
15124055    1521
15124056    1522
15124057    1523
15124058    1524
15124060    1525
15124061    1526
15124062    1527
15124063    1528
15125001    1529
15125002    1530
15125003    1531
15125007    1532
15125060    1533
15125061    1534
15125062    1535
15125064    1536
15125065    1537
15125067    1538
15125070    1539
15125071    1540
15125072    1541
15125073    1542
15125074    1543
15125075    1544
15126002    1545
15126004    1546
15126006    1547
15126008    1548
15126009    1549
15126010    1550
15126011    1551
15126012    1552
15126013    1553
15126015    1554
15126016    1555
15126017    1556
15126018    1557
15126019    1558
15126021    1559
15126022    1560
15126023    1561
15126036    1562
15126037    1563
15126038    1564
15126039    1565
15126040    1566
15126044    1567
15126045    1568
15126046    1569
15126047    1570
15126048    1571
15126049    1572
15126050    1573
15126051    1574
15126052    1575
15126053    1576
15126054    1577
15126060    1578
15126061    1579
15127001    1580
15127002    1581
15127003    1582
15127004    1583
15127005    1584
15127006    1585
15127007    1586
15127009    1587
15127010    1588
15127011    1589
15127012    1590
15127013    1591
15128015    1592
15128016    1593
15128017    1594
15128018    1595
15128019    1596
15128020    1597
15128021    1598
15128022    1599
15128024    1600
15128025    1601
15128026    1602
15128027    1603
15128028    1604
15128029    1605
15128030    1606
15128031    1607
15128032    1608
15128033    1609
15128048    1610
15128049    1611
15128050    1612
15128051    1613
15128052    1614
15129001    1615
15129002    1616
15129003    1617
15129004    1618
15129006    1619
15129007    1620
15129009    1621
15129010    1622
15129011    1623
15129012    1624
15129013    1625
15129014    1626
15129015    1627
15129016    1628
15129017    1629
15129018    1630
15129022    1631
15129045    1632
15129046    1633
15129047    1634
15129048    1635
15129049    1636
15129050    1637
15129051    1638
15129052    1639
15130001    1640
15130002    1641
15130003    1642
15130004    1643
15130005    1644
15130006    1645
15130007    1646
15130008    1647
15130009    1648
15130011    1649
15130013    1650
15130014    1651
15130015    1652
15130016    1653
15130031    1654
15130032    1655
15130033    1656
15130034    1657
15130035    1658
15130036    1659
15130037    1660
15130038    1661
15130040    1662
15130041    1663
15130042    1664
15130043    1665
15130044    1666
15130045    1667
15130046    1668
15130047    1669
15130048    1670
15130054    1671
15130055    1672
15130056    1673
15131001    1674
15131002    1675
15131003    1676
15131004    1677
15131005    1678
15131006    1679
15131007    1680
15131008    1681
15131009    1682
15131010    1683
15131011    1684
15131012    1685
15131013    1686
15131014    1687
15131030    1688
15131031    1689
15131033    1690
15131034    1691
15131035    1692
15131036    1693
15131037    1694
15131039    1695
15131040    1696
15131041    1697
15131042    1698
15131043    1699
15131044    1700
15131045    1701
15131046    1702
15131047    1703
15131048    1704
15131049    1705
15131050    1706
15131051    1707
15131052    1708
15131053    1709
15132002    1710
15132003    1711
15132004    1712
15132005    1713
15132006    1714
15132007    1715
15132008    1716
15132009    1717
15132010    1718
15132011    1719
15132012    1720
15132014    1721
15132015    1722
15132016    1723
15132017    1724
15132018    1725
15132019    1726
15132022    1727
15132023    1728
15132024    1729
15132025    1730
15132026    1731
15132028    1732
15132029    1733
15132030    1734
15132031    1735
15132032    1736
15132033    1737
15132034    1738
15132035    1739
15132036    1740
15132037    1741
15132038    1742
15133002    1743
15133004    1744
15133005    1745
15133006    1746
15133008    1747
15133009    1748
15133010    1749
15133011    1750
15133012    1751
15133013    1752
15133014    1753
15133017    1754
15133018    1755
15133019    1756
15133020    1757
15133021    1758
15133031    1759
15133032    1760
15133033    1761
15133034    1762
15133035    1763
15133036    1764
15133037    1765
15133038    1766
15133039    1767
15133040    1768
15133041    1769
15133042    1770
15133043    1771
15133044    1772
15133045    1773
15133047    1774
15133049    1775
15133050    1776
15133051    1777
15133053    1778
15133054    1779
15133055    1780
15133056    1781
15134001    1782
15134002    1783
15134003    1784
15134004    1785
15134006    1786
15134007    1787
15134008    1788
15134009    1789
15134010    1790
15134050    1791
15134051    1792
15134053    1793
15134055    1794
15134056    1795
15134057    1796
15134058    1797
15134060    1798
15134062    1799
15134063    1800
15135004    1801
15135005    1802
15135006    1803
15135007    1804
15135008    1805
15135009    1806
15135010    1807
15135011    1808
15135012    1809
15135013    1810
15135014    1811
15135015    1812
15135016    1813
15135062    1814
15135063    1815
15135064    1816
15135065    1817
15136001    1818
15136002    1819
15136003    1820
15136004    1821
15136005    1822
15136006    1823
15136007    1824
15136008    1825
15136009    1826
15136011    1827
15136012    1828
15136013    1829
15136014    1830
15136015    1831
15136016    1832
15136017    1833
15136033    1834
15136034    1835
15136035    1836
15136036    1837
15136037    1838
15136038    1839
15136039    1840
15136040    1841
15136041    1842
15136042    1843
15137025    1844
15137026    1845
15137027    1846
15137028    1847
15137029    1848
15137030    1849
15137032    1850
15137033    1851
15137034    1852
15137035    1853
15137036    1854
15137037    1855
15137038    1856
15137050    1857
15137051    1858
15137052    1859
15137053    1860
15138035    1861
15138056    1862
15138057    1863
15138058    1864
15138059    1865
15138060    1866
15138061    1867
15138062    1868
15138063    1869
15138064    1870
15138065    1871
15138066    1872
15138067    1873
15138068    1874
15138069    1875
15138070    1876
15138071    1877
15138074    1878
15138075    1879
15139003    1880
15139008    1881
15139009    1882
15139010    1883
15139012    1884
15139013    1885
15139015    1886
15139016    1887
15139017    1888
15139018    1889
15139020    1890
15139021    1891
15139022    1892
15139023    1893
15139024    1894
15139025    1895
15139026    1896
15139037    1897
15139038    1898
15139039    1899
15139040    1900
15139041    1901
15139042    1902
15139043    1903
15139044    1904
15139045    1905
15139046    1906
15139047    1907
15139050    1908
15139051    1909
15139052    1910
15140002    1911
15140003    1912
15140004    1913
15140005    1914
15140006    1915
15140007    1916
15140011    1917
15140012    1918
15140013    1919
15140014    1920
15140015    1921
15140017    1922
15140018    1923
15140019    1924
15140020    1925
15140021    1926
15140022    1927
15140023    1928
15140025    1929
15140026    1930
15140027    1931
15140028    1932
15140029    1933
15140030    1934
15140031    1935
15140032    1936
15140034    1937
15140035    1938
15140036    1939
15140037    1940
15140045    1941
15140046    1942
15140047    1943
15140048    1944
15140049    1945
15140050    1946
15140051    1947
15140052    1948
15140053    1949
15140054    1950
15140055    1951
15141001    1952
15141002    1953
15141003    1954
15141004    1955
15141006    1956
15141007    1957
15141009    1958
15141010    1959
15141011    1960
15141012    1961
15141013    1962
15141048    1963
15142003    1964
15142004    1965
15142005    1966
15142006    1967
15142008    1968
15142011    1969
15142012    1970
15142013    1971
15142014    1972
15142015    1973
15142018    1974
15142019    1975
15142020    1976
15142021    1977
15142022    1978
15142025    1979
15142054    1980
15142055    1981
15142058    1982
15143010    1983
15143011    1984
15143012    1985
15143013    1986
15143026    1987
15143027    1988
15143028    1989
15143029    1990
15143030    1991
15143031    1992
15143032    1993
15143033    1994
15143034    1995
15143035    1996
15143036    1997
15143037    1998
15143038    1999
15143039    2000
15143040    2001
15143049    2002
15143051    2003
15143052    2004
15144001    2005
15144003    2006
15144004    2007
15144005    2008
15144006    2009
15144007    2010
15144008    2011
15144009    2012
15144010    2013
15144011    2014
15144012    2015
15144013    2016
15144014    2017
15144015    2018
15144017    2019
15144018    2020
15144026    2021
15144027    2022
15144028    2023
15144032    2024
15144033    2025
15144034    2026
15144035    2027
15144036    2028
15144037    2029
15144039    2030
15144040    2031
15144043    2032
15144044    2033
15144046    2034
15144047    2035
15144049    2036
15144052    2037
15144054    2038
15144056    2039
15144058    2040
15144060    2041
15144062    2042
15144063    2043
15144064    2044
15144065    2045
15144067    2046
15144068    2047
15144070    2048
15145003    2049
15145004    2050
15145005    2051
15145006    2052
15145007    2053
15145008    2054
15145009    2055
15145010    2056
15145012    2057
15145013    2058
15145014    2059
15145015    2060
15145016    2061
15145017    2062
15145018    2063
15145019    2064
15145020    2065
15145021    2066
15145022    2067
15145023    2068
15145024    2069
15145029    2070
15145031    2071
15145032    2072
15145033    2073
15145034    2074
15145035    2075
15145036    2076
15145037    2077
15145038    2078
15145056    2079
15145060    2080
15145061    2081
15145062    2082
15145063    2083
15145064    2084
15146001    2085
15146002    2086
15146003    2087
15146004    2088
15146006    2089
15146008    2090
15146009    2091
15146010    2092
15146013    2093
15146017    2094
15146020    2095
15146023    2096
15146025    2097
15146026    2098
15146042    2099
15146043    2100
15146044    2101
15146045    2102
15146046    2103
15146049    2104
15146050    2105
15146051    2106
15146052    2107
15146054    2108
15146055    2109
15146057    2110
15146058    2111
15146059    2112
15146060    2113
15146061    2114
15146062    2115
15146064    2116
15146065    2117
15146066    2118
15146067    2119
15146068    2120
15146069    2121
15147001    2122
15147002    2123
15147003    2124
15147004    2125
15147005    2126
15147006    2127
15147007    2128
15147008    2129
15147009    2130
15147010    2131
15147011    2132
15147012    2133
15147013    2134
15147014    2135
15147015    2136
15147022    2137
15147023    2138
15147024    2139
15147025    2140
15147026    2141
15147027    2142
15147028    2143
15147029    2144
15147030    2145
15147031    2146
15147032    2147
15147033    2148
15147037    2149
15147038    2150
15147039    2151
15147040    2152
15147041    2153
15147042    2154
15148003    2155
15148004    2156
15148005    2157
15148006    2158
15148007    2159
15148008    2160
15148009    2161
15148010    2162
15148011    2163
15148062    2164
15148064    2165
15148065    2166
15148066    2167
15149009    2168
15149010    2169
15149011    2170
15149012    2171
15149013    2172
15149015    2173
15149016    2174
15149017    2175
15149061    2176
15149062    2177
15149063    2178
15149064    2179
15149067    2180
15149069    2181
15149070    2182
15149071    2183
15149072    2184
15149073    2185
15149074    2186
15149075    2187
15149076    2188
15150001    2189
15150004    2190
15150005    2191
15150009    2192
15150010    2193
15150011    2194
15150012    2195
15150013    2196
15150014    2197
15150015    2198
15150027    2199
15150030    2200
15150031    2201
15150048    2202
15150049    2203
15150054    2204
15150055    2205
15150056    2206
15150057    2207
15150058    2208
15150059    2209
15150060    2210
15150061    2211
15150062    2212
15150063    2213
15150064    2214
15150079    2215
15150080    2216
15150081    2217
15150082    2218
15151004    2219
15151005    2220
15151006    2221
15151007    2222
15151008    2223
15151009    2224
15151010    2225
15151011    2226
15151012    2227
15151013    2228
15151014    2229
15151015    2230
15151017    2231
15151018    2232
15151019    2233
15151020    2234
15151021    2235
15151022    2236
15151023    2237
15151024    2238
15151032    2239
15151033    2240
15151034    2241
15151035    2242
15151036    2243
15151038    2244
15151039    2245
15151040    2246
15151041    2247
15151042    2248
15151044    2249
15151045    2250
15151046    2251
15151048    2252
15151049    2253
15151050    2254
15151051    2255
15151052    2256
15151053    2257
15151054    2258
15151055    2259
15151056    2260
15151058    2261
15151061    2262
15151062    2263
15152001    2264
15152002    2265
15152003    2266
15152004    2267
15152005    2268
15152006    2269
15152007    2270
15152008    2271
15152009    2272
15152010    2273
15152011    2274
15152012    2275
15152013    2276
15152014    2277
15152015    2278
15152016    2279
15152017    2280
15152018    2281
15152020    2282
15152031    2283
15152032    2284
15152033    2285
15152034    2286
15152036    2287
15152038    2288
15152039    2289
15152040    2290
15152041    2291
15152042    2292
15152043    2293
15152044    2294
15152046    2295
15152047    2296
15152048    2297
15152049    2298
15152050    2299
15152051    2300
15152052    2301
15152053    2302
15152054    2303
15152055    2304
15152057    2305
15152058    2306
15153001    2307
15153002    2308
15153003    2309
15153004    2310
15153006    2311
15153007    2312
15153008    2313
15153009    2314
15153010    2315
15153011    2316
15153012    2317
15153013    2318
15153014    2319
15153015    2320
15153017    2321
15153018    2322
15153019    2323
15153022    2324
15153034    2325
15153035    2326
15153036    2327
15153037    2328
15153038    2329
15153040    2330
15153041    2331
15153042    2332
15153043    2333
15153044    2334
15153045    2335
15153046    2336
15153047    2337
15153048    2338
15153049    2339
15153050    2340
15153052    2341
15153053    2342
15153054    2343
15153055    2344
15153056    2345
15153057    2346
15153058    2347
15154001    2348
15154002    2349
15154003    2350
15154008    2351
15154009    2352
15154010    2353
15154011    2354
15154012    2355
15154013    2356
15154014    2357
15154015    2358
15154016    2359
15154017    2360
15154018    2361
15154021    2362
15154022    2363
15154023    2364
15154024    2365
15155004    2366
15155005    2367
15155006    2368
15155007    2369
15155008    2370
15155009    2371
15155010    2372
15156001    2373
15156002    2374
15156003    2375
15156004    2376
15156007    2377
15156008    2378
15156010    2379
15156011    2380
15156014    2381
15156015    2382
15156016    2383
15156017    2384
15156019    2385
15156020    2386
15156021    2387
15156022    2388
15156023    2389
15156024    2390
15156039    2391
15156040    2392
15156041    2393
15156042    2394
15156043    2395
15157004    2396
15157006    2397
15157007    2398
15157009    2399
15157011    2400
15157012    2401
15157013    2402
15157014    2403
15157015    2404
15157016    2405
15157017    2406
15157020    2407
15157022    2408
15157023    2409
15157024    2410
15157025    2411
15157028    2412
15157034    2413
15157039    2414
15157045    2415
15157046    2416
15157047    2417
15157048    2418
15157049    2419
15157050    2420
15157051    2421
15157052    2422
15157053    2423
15157054    2424
15157055    2425
15157056    2426
15157057    2427
15157058    2428
15157059    2429
15157060    2430
15157061    2431
15158001    2432
15158024    2433
15158025    2434
15158026    2435
15158027    2436
15158028    2437
15158029    2438
15158031    2439
15158032    2440
15158033    2441
15158034    2442
15158035    2443
15158036    2444
15158037    2445
15158038    2446
15158039    2447
15158040    2448
15158057    2449
15158058    2450
15158059    2451
15158060    2452
15158061    2453
15158062    2454
15158063    2455
15158064    2456
15158070    2457
15159001    2458
15159002    2459
15159003    2460
15159004    2461
15159005    2462
15159006    2463
15159007    2464
15159008    2465
15159009    2466
15159016    2467
15159017    2468
15159018    2469
15159019    2470
15159021    2471
15159024    2472
15159025    2473
15159026    2474
15159027    2475
15159028    2476
15159029    2477
15159030    2478
15159031    2479
15159032    2480
15159033    2481
15159034    2482
15159035    2483
15159036    2484
15159039    2485
15159040    2486
15159041    2487
15159042    2488
15159043    2489
15159044    2490
15159045    2491
15159046    2492
15159049    2493
15159051    2494
15159054    2495
15159055    2496
15160001    2497
15160002    2498
15160003    2499
15160004    2500
15160005    2501
15160006    2502
15160007    2503
15160029    2504
15160030    2505
15160032    2506
15160033    2507
15160034    2508
15160035    2509
15160036    2510
15160037    2511
15160038    2512
15160039    2513
15160040    2514
15160041    2515
15160042    2516
15160043    2517
15160044    2518
15160045    2519
15160046    2520
15160047    2521
15160048    2522
15160050    2523
15161001    2524
15161002    2525
15161003    2526
15161004    2527
15161005    2528
15161006    2529
15161007    2530
15161008    2531
15161009    2532
15161010    2533
15161011    2534
15161012    2535
15161013    2536
15161014    2537
15161015    2538
15161016    2539
15161017    2540
15161018    2541
15161019    2542
15161020    2543
15161021    2544
15161022    2545
15161036    2546
15161037    2547
15161043    2548
15161048    2549
15161051    2550
15161053    2551
15161054    2552
15161055    2553
15161056    2554
15161057    2555
15161058    2556
15161059    2557
15161060    2558
15161061    2559
15161062    2560
15161063    2561
15161064    2562
15161065    2563
15161066    2564
15161067    2565
15161068    2566
15161069    2567
15161070    2568
15161071    2569
15161072    2570
15162001    2571
15162004    2572
15162005    2573
15162006    2574
15162010    2575
15162011    2576
15162012    2577
15162013    2578
15162014    2579
15162015    2580
15162016    2581
15162017    2582
15162018    2583
15162019    2584
15162020    2585
15162021    2586
15162022    2587
15162023    2588
15162024    2589
15162025    2590
15162026    2591
15162027    2592
15162028    2593
15162029    2594
15162030    2595
15162031    2596
15162032    2597
15162041    2598
15162042    2599
15162043    2600
15162044    2601
15162045    2602
15162046    2603
15162047    2604
15162048    2605
15162049    2606
15162050    2607
15162051    2608
15162053    2609
15162054    2610
15162055    2611
15163001    2612
15163002    2613
15163003    2614
15163004    2615
15163005    2616
15163006    2617
15163007    2618
15163008    2619
15163009    2620
15163010    2621
15163017    2622
15163018    2623
15163019    2624
15163020    2625
15163021    2626
15163022    2627
15163023    2628
15163024    2629
15163025    2630
15163026    2631
15163027    2632
15163028    2633
15163029    2634
15163033    2635
15163034    2636
15163035    2637
15163048    2638
15163049    2639
15163050    2640
15163051    2641
15163052    2642
15163053    2643
15163054    2644
15163055    2645
15163056    2646
15163057    2647
15163058    2648
15163059    2649
15163060    2650
15163061    2651
15163062    2652
15164001    2653
15164002    2654
15164003    2655
15164023    2656
15164024    2657
15164028    2658
15164030    2659
15164032    2660
15164033    2661
15164034    2662
15164036    2663
15164037    2664
15164039    2665
15164040    2666
15164041    2667
15164042    2668
15164043    2669
15164044    2670
15164045    2671
15164046    2672
15164047    2673
15164048    2674
15164049    2675
15164060    2676
15164061    2677
15164062    2678
15164063    2679
15164064    2680
15164065    2681
15164066    2682
15164067    2683
15164068    2684
15164069    2685
15164070    2686
15164071    2687
15165001    2688
15165002    2689
15165003    2690
15165008    2691
15165009    2692
15165021    2693
15165022    2694
15165023    2695
15165024    2696
15165025    2697
15165026    2698
15165027    2699
15165028    2700
15165029    2701
15165031    2702
15165033    2703
15165034    2704
15165035    2705
15165036    2706
15165037    2707
15165038    2708
15165039    2709
15165040    2710
15165041    2711
15165042    2712
15165043    2713
15165044    2714
15165045    2715
15165046    2716
15165047    2717
15165049    2718
15165050    2719
15165051    2720
15165052    2721
15165053    2722
15165054    2723
15165055    2724
15165056    2725
15165057    2726
15165058    2727
15165059    2728
15166004    2729
15166005    2730
15166006    2731
15166007    2732
15166008    2733
15166009    2734
15166010    2735
15166016    2736
15166017    2737
15166026    2738
15166027    2739
15166028    2740
15166029    2741
15166030    2742
15166031    2743
15166032    2744
15166033    2745
15166034    2746
15166035    2747
15166036    2748
15166037    2749
15166038    2750
15166039    2751
15166040    2752
15166041    2753
15166042    2754
15166043    2755
15166044    2756
15166045    2757
15166046    2758
15166047    2759
15167001    2760
15167002    2761
15167006    2762
15167007    2763
15167008    2764
15167009    2765
15167011    2766
15167012    2767
15167013    2768
15167014    2769
