18153035    0
18153036    1
18153037    2
18153038    3
18153039    4
18153040    5
18153041    6
18153042    7
18153043    8
18153044    9
18153045    10
18153046    11
18153052    12
18153053    13
18153054    14
18153055    15
18153057    16
18153058    17
18153059    18
18153060    19
18153061    20
18153063    21
18153064    22
18154004    23
18154005    24
18154006    25
18154007    26
18154008    27
18154009    28
18154037    29
18154038    30
18154039    31
18154040    32
18154041    33
18154042    34
18154043    35
18154044    36
18154045    37
18154049    38
18154050    39
18154051    40
18154052    41
18154053    42
18154054    43
18154055    44
18154057    45
18154058    46
18154059    47
18154060    48
18154061    49
18154063    50
18154064    51
18154065    52
18154066    53
18155002    54
18155003    55
18155004    56
18155005    57
18155006    58
18155007    59
18155012    60
18155013    61
18155014    62
18155015    63
18155016    64
18155017    65
18155022    66
18155023    67
18155024    68
18155025    69
18155026    70
18155029    71
18155031    72
18155032    73
18155033    74
18155034    75
18155035    76
18155036    77
18155038    78
18155039    79
18155040    80
18155041    81
18155042    82
18155045    83
18155046    84
18155048    85
18155049    86
18156001    87
18156002    88
18156003    89
18156004    90
18156010    91
18156011    92
18156012    93
18156013    94
18156014    95
18156018    96
18156019    97
18156020    98
18156021    99
18156022    100
18156023    101
18156024    102
18156026    103
18156027    104
18156028    105
18156029    106
18156031    107
18156032    108
18156034    109
18156035    110
18156046    111
18156047    112
18156048    113
18156049    114
18156050    115
18156051    116
18156052    117
18156053    118
18156056    119
18156057    120
18156058    121
18156059    122
18156060    123
18157001    124
18157002    125
18157003    126
18157004    127
18157010    128
18157011    129
18157012    130
18157013    131
18157014    132
18157016    133
18157017    134
18157019    135
18157024    136
18157025    137
18157026    138
18157027    139
18157028    140
18157029    141
18157031    142
18157032    143
18157035    144
18157053    145
18157056    146
18157057    147
18157058    148
18157059    149
18157060    150
18157061    151
18157065    152
18157067    153
18157068    154
18157069    155
18157070    156
18157071    157
18157072    158
18157074    159
18157075    160
18157076    161
18157077    162
18158001    163
18158002    164
18158003    165
18158009    166
18158010    167
18158012    168
18158013    169
18158014    170
18158020    171
18158021    172
18158115    173
18158116    174
18158118    175
18158120    176
18158122    177
18159001    178
18159002    179
18159007    180
18159008    181
18159009    182
18159010    183
18159011    184
18159012    185
18159013    186
18159018    187
18159019    188
18159023    189
18159024    190
18159025    191
18159031    192
18159032    193
18159033    194
18159034    195
18159036    196
18159041    197
18159042    198
18159043    199
18160002    200
18160003    201
18160004    202
18160005    203
18160006    204
18160007    205
18160012    206
18160013    207
18160014    208
18160015    209
18160016    210
18160017    211
18160023    212
18160024    213
18160025    214
18160026    215
18160028    216
18160029    217
18160030    218
18160032    219
18160033    220
18160034    221
18160035    222
18160036    223
18160037    224
18160038    225
18160040    226
18160041    227
18160042    228
18160044    229
18160045    230
18160046    231
18161001    232
18161002    233
18161003    234
18161005    235
18161006    236
18161007    237
18161008    238
18161009    239
18161010    240
18161011    241
18161013    242
18161014    243
18161015    244
18161016    245
18161017    246
18161018    247
18161019    248
18161020    249
18161021    250
18161026    251
18161027    252
18161028    253
18161029    254
18161030    255
18161031    256
18161032    257
18161033    258
18161037    259
18161038    260
18161039    261
18161040    262
18161041    263
18161042    264
18161045    265
18161046    266
18161047    267
18161048    268
18161049    269
18162001    270
18162002    271
18162004    272
18162005    273
18162006    274
18162007    275
18162008    276
18162009    277
18162010    278
18162011    279
18162012    280
18162014    281
18162015    282
18162016    283
18162017    284
18162018    285
18162019    286
18162020    287
18162024    288
18162027    289
18162028    290
18162029    291
18162030    292
18162031    293
18162032    294
18162036    295
18162037    296
18162038    297
18162039    298
18162040    299
18162041    300
18162043    301
18162045    302
18162046    303
18162047    304
18162048    305
18162049    306
18162051    307
18162052    308
18162053    309
18163002    310
18163003    311
18163004    312
18163005    313
18163006    314
18163007    315
18163008    316
18163009    317
18163012    318
18163013    319
18163014    320
18163015    321
18163016    322
18163017    323
18163018    324
18163019    325
18163025    326
18163026    327
18163027    328
18163028    329
18163030    330
18163031    331
18163032    332
18163033    333
18163038    334
18163039    335
18163040    336
18163041    337
18163045    338
18163046    339
18163047    340
18164002    341
18164003    342
18164004    343
18164005    344
18164006    345
18164007    346
18164008    347
18164009    348
18164011    349
18164012    350
18164013    351
18164014    352
18164015    353
18164016    354
18164017    355
18164018    356
18164023    357
18164024    358
18164025    359
18164026    360
18164027    361
18164028    362
18164029    363
18164030    364
18164035    365
18164036    366
18164037    367
18164038    368
18164039    369
18164040    370
18164041    371
18164042    372
18164044    373
18164045    374
18164046    375
18165001    376
18165002    377
18165003    378
18165004    379
18165006    380
18165009    381
18165010    382
18165011    383
18165012    384
18165013    385
18165014    386
18165016    387
18165031    388
18165032    389
18165033    390
18165034    391
18165035    392
18165036    393
18165037    394
18165038    395
18165039    396
18166003    397
18166004    398
18166005    399
18166006    400
18166007    401
18166008    402
18166009    403
18166010    404
18166012    405
18166013    406
18166017    407
18166019    408
18166020    409
18166022    410
18166023    411
18166024    412
18166031    413
18166032    414
18166033    415
18166034    416
18166035    417
18166036    418
18166037    419
18166042    420
18166043    421
18166044    422
18166045    423
18166046    424
18166047    425
18166048    426
18166049    427
18166050    428
18166051    429
18166052    430
18166054    431
18166055    432
18167001    433
18167005    434
18167006    435
18167007    436
18167008    437
18167009    438
18167010    439
18167011    440
18167012    441
18167014    442
18167015    443
18167016    444
18167017    445
18167018    446
18167020    447
18167027    448
18167028    449
18167029    450
18167030    451
18167032    452
18167033    453
18167035    454
18167036    455
18167037    456
18167038    457
18167039    458
18167041    459
18167042    460
18167043    461
18167044    462
18167045    463
18167046    464
18167047    465
18167048    466
18167049    467
18167050    468
18168002    469
18168003    470
18168004    471
18168005    472
18168006    473
18168008    474
18168009    475
18168010    476
18168011    477
18168013    478
18168015    479
18168016    480
18168017    481
18168019    482
18168020    483
18168021    484
18168022    485
18168023    486
18168024    487
18168025    488
18168026    489
18168027    490
18168029    491
18168034    492
18168035    493
18168036    494
18168037    495
18168040    496
18168041    497
18168042    498
18168044    499
18168045    500
18168046    501
18168048    502
18168049    503
18168050    504
18168051    505
18168052    506
18168053    507
18168054    508
18168055    509
18168056    510
18169004    511
18169005    512
18169006    513
18169008    514
18169009    515
18169010    516
18169011    517
18169012    518
18169013    519
18169014    520
18169015    521
18169016    522
18169017    523
18169018    524
18169020    525
18169021    526
18169022    527
18169023    528
18169024    529
18169025    530
18169026    531
18169027    532
18169028    533
18169029    534
18169030    535
18169035    536
18169036    537
18169037    538
18169038    539
18169039    540
18169041    541
18169042    542
18169043    543
18170003    544
18170004    545
18170005    546
18170006    547
18170010    548
18170011    549
18170012    550
18170013    551
18170014    552
18170015    553
18170016    554
18170017    555
18170018    556
18170020    557
18170021    558
18170022    559
18170032    560
18170033    561
18170034    562
18170035    563
18170036    564
18170037    565
18170039    566
18170040    567
18171002    568
18171003    569
18171004    570
18171005    571
18171006    572
18171007    573
18171008    574
18171009    575
18171012    576
18171013    577
18171015    578
18171016    579
18171017    580
18171018    581
18171019    582
18171020    583
18171031    584
18171032    585
18171033    586
18171034    587
18171035    588
18171036    589
18171037    590
18171038    591
18171040    592
18171041    593
18171042    594
18171043    595
18171044    596
18171045    597
18171046    598
18171047    599
18171048    600
18171049    601
18172001    602
18172002    603
18172005    604
18172006    605
18172007    606
18172008    607
18172009    608
18172010    609
18172011    610
18172012    611
18172013    612
18172014    613
