19083049
19083050
19083051
19083052
19083053
19083054
19083055
19083056
19083057
19083058
19083059
19083060
19083061
19083062
19083063
19083064
19083065
19083066
19083067
19084001
19084002
19084003
19084004
19084005
19084006
19084007
19084008
19084010
19084011
19084013
19084022
19084024
19084025
19084026
19084027
19084028
19084029
19084030
19084031
19084032
19084033
19084034
19084035
19084036
19084037
19084038
19084039
19084053
19084055
19084057
19084059
19084060
19084061
19084062
19084063
19084064
19084065
19084066
19084067
19084068
19084070
19084071
19084072
19085001
19085002
19085003
19085004
19085005
19085006
19085007
19085008
19085009
19085010
19085011
19085012
19085013
19085014
19085015
19085016
19085017
19085018
19085019
19085020
19085021
19085023
19085024
19085025
19085026
19085058
19086026
19086060
19086061
19086062
19086063
19086064
19086066
19086067
19086069
19086070
19086072
19086073
19086074
19086076
19086077
19086080
19087001
19087012
19087014
19087015
19087016
19087017
19087021
19087022
19087038
19087042
19088051
19088052
19088053
19088055
19090009
19090010
19090011
19090012
19090015
19090016
19090018
19090019
19090021
19090022
19090023
19090024
19090025
19090032
19092051
19093042
19093043
19095061
19096002
19096005
19096006
19096057
19097057
19098017
19098018
19098020
19100045
19102023
19102054
19103007
19103022
19103041
19105024
19105026
19106023
19106034
19107045
19110015
19110039
19112012
19112029
19115020
19116035
19120009
19120047
19120048
19122004
19122005
