19071038
19071078
19072008
19072010
19072012
19072043
19072044
19072045
19072046
19072048
19072050
19072051
19072052
19072053
19072055
19072056
19072057
19073001
19073002
19073003
19073004
19073005
19073006
19073008
19073009
19073010
19073011
19073012
19073013
19073014
19073015
19073019
19073020
19073023
19073033
19073034
19073035
19073036
19073037
19073039
19073040
19073041
19073042
19073047
19073049
19073052
19073053
19073054
19074053
19074054
19074055
19074056
19074057
19074058
19074059
19074060
19074061
19074062
19074063
19074064
19074065
19074066
19074067
19074068
19074069
19074070
19074072
19074073
19074074
19074075
19074087
19074088
19074089
19074090
19074092
19074093
19074094
19074095
19074096
19074097
19074098
19074099
19074100
19074101
19074102
19074103
19074104
19074105
19074106
19074107
19074108
19074109
19074110
19074111
19074112
19075001
19075002
19075003
19075004
19075005
19075006
19075007
19075008
19075009
19075010
19075011
19075017
19075018
19075019
19075020
19075021
19075022
19075023
19075024
19075025
19075028
19075032
19075033
19076039
19076040
19076042
19076043
19076044
19076045
19076046
19076047
19076048
19076049
19076050
19076051
19076052
19076053
19076054
19076055
19076056
19076057
19076058
19076059
19077001
19077002
19077003
19077004
19077005
19077006
19077007
19077008
19077009
19077010
19077011
19077012
19077013
19077014
19077015
19077016
19077017
19077018
19077019
19077020
19077021
19077025
19077026
19078025
19078027
19078028
19078029
19078030
19078031
19078032
19078033
19078034
19078038
19078039
19078040
19078041
19078042
19079001
19079002
19079003
19079004
19079005
19079006
19079007
19079008
19079009
19079010
19079011
19079012
19079013
19079014
19079015
19079016
19079017
19079018
19079020
19079021
19079022
19079023
19079024
19079025
19079026
19079027
19079028
19079029
19079030
19079031
19079032
19079033
19079034
19079035
19079037
19081032
19081033
19081034
19081035
19081039
19081044
19081046
19081047
19081048
19081049
19081050
19081051
19081052
19081053
19081054
19081055
19081056
19081057
19081058
19081059
19081060
19081061
19081062
19082001
19082002
19082003
19082004
19082005
19082006
19082007
19082008
19082009
19082010
19082011
19082012
19082013
19082014
19082016
19082017
19082018
19082019
19082020
19082021
19083048
19083049
19083050
19083051
19083052
19083053
19083054
19083055
19083056
19083057
19083058
19083059
19083060
19083061
19083062
19083063
19083064
19083065
19083066
19083067
19084001
19084002
19084003
19084004
19084005
19084006
19084007
19084008
19084009
19084010
19084011
19084012
19084013
19084022
19084024
19084025
19084026
19084027
19084028
19084029
19084030
19084031
19084032
19084033
19084034
19084035
19084036
19084037
19084038
19084039
19085038
19085039
19085040
19085041
19085042
19085043
19085044
19085046
19085047
19085048
19085049
19085050
19085051
19085052
19085053
19085054
19085058
19085059
19085060
19085061
19085062
19085063
19086001
19086002
19086003
19086004
19086005
19086006
19086007
19086008
19086010
19086011
19086012
19086013
19086014
19086015
19086016
19086017
19086018
19086019
19086020
19086021
19086022
19086026
19086027
19088002
19088003
19088004
19088005
19088006
19088007
19088008
19088009
19088010
19088011
19088012
19088013
19088014
19088050
19088051
19088052
19088053
19088054
19088055
19088056
19088057
19088058
19088059
19088060
19088061
19088062
19088063
19088064
19088065
19088066
19088067
19088068
19088069
19088070
19089004
19089005
19089006
19089007
19089008
19089009
19089010
19089011
19089012
19089013
19089014
19089015
19089016
19089017
19089018
19089019
19089022
19089023
19089024
19089025
19089028
19089029
19089030
19089031
19089032
19089033
19090032
19090035
19090036
19090037
19090038
19090039
19090040
19090041
19090042
19090043
19090044
19090045
19090046
19090047
19090048
19090049
19090050
19090051
19090052
19090053
19090054
19090055
19091001
19091002
19091003
19091004
19091007
19091008
19091009
19091010
19091011
19091012
19091013
19091014
19091015
19091016
19091017
19091018
19091019
19091020
19091021
19091022
19091023
19091026
19091027
19091028
19091029
19092048
19092049
19092050
19092051
19092052
19092053
19092054
19092055
19092056
19092057
19092058
19092064
19092074
19092077
19092078
19092079
19092080
19092081
19092083
19092084
19092085
19092086
19092087
19092088
19092089
19092090
19092091
19092092
19092093
19092094
19092095
19092096
19092097
19093001
19093002
19093003
19093004
19093005
19093006
19093007
19093008
19093009
19093010
19093011
19093012
19093013
19093014
19093015
19093016
19093017
19093018
19094075
19094076
19094077
19094078
19094079
19094080
19094081
19094082
19094083
19094084
19094085
19094086
19094087
19095001
19095002
19095003
19095004
19095005
19095006
19095007
19095008
19095009
19095025
19095026
19095027
19095028
19095029
19095030
19095031
19095032
19095033
19096051
19096052
19096053
19096054
19096055
19096056
19096057
19096058
19097001
19097002
19097003
19097004
19097005
19097006
19097015
19097016
19097017
19097018
19097019
19097020
19097021
19097022
19097023
19097024
19097025
19097026
19097027
19097028
19097029
19097030
19097031
19097032
19097033
19097034
19097035
19097036
19097037
19097038
19097039
19097040
19097041
19097042
19097043
19097044
19097045
19097046
19097047
19097048
19097049
19097051
19097052
19097053
19097054
19097055
19097056
19097057
19097058
19097059
19097060
19097061
19097062
19097063
19097064
19097065
19097066
19097067
19098052
19098053
19098054
19098055
19098056
19098057
19098058
19098059
19098060
19099001
19099002
19099003
19099004
19099005
19099006
19099007
19099008
19099009
19099010
19099011
19099012
19099013
19099014
19099015
19099016
19099017
19099018
19099019
19099020
19099021
19099022
19099023
19099024
19099031
19099032
19099033
19099034
19099035
19099036
19099037
19099038
19099039
19099040
19099041
19100045
19100046
19100047
19100048
19100049
19100050
19100051
19100052
19100054
19100055
19100056
19100057
19100058
19101001
19101002
19101003
19101004
19101005
19101006
19101007
19101008
19101009
19101010
19101011
19101012
19101013
19101014
19101015
19101016
19102041
19102042
19102043
19102044
19102045
19102046
19102047
19102048
19102049
19102050
19102051
19102052
19102053
19102054
19102055
19102056
19103007
19103008
19103009
19103010
19103011
19103012
19103013
19103014
19103015
19103016
19103017
19103018
19103019
19103021
19103022
19103025
19103026
19103027
19103028
19103029
19103030
19103031
19103032
19103033
19104030
19104031
19104032
19104033
19104034
19104035
19104036
19104037
19104038
19104041
19105005
19105006
19105007
19105008
19105009
19105010
19105011
19105012
19105013
19105014
19105015
19105016
19105017
19105018
19105019
19105020
19105021
19105022
19105023
19105024
19105025
19105026
19105027
19105028
19105029
19105030
19105031
19105032
19105033
19105034
19105035
19105036
19105037
19105038
19105039
19105040
19105041
19105042
19105043
19105045
19105046
19105047
19105048
19106043
19106044
19106045
19106046
19106047
19106048
19106049
19106050
19106051
19106052
19106053
19106054
19106055
19107001
19107002
19107003
19107004
19107005
19107006
19107010
19107011
19107012
19107013
19107014
19107015
19107016
19107017
19107018
19107020
19107021
19107022
19107023
19107024
19107025
19107026
19107027
19107028
19107029
19107030
19107031
19107032
19107033
19107034
19107035
19107036
19108057
19109001
19109002
19109003
19109004
19109005
19109006
19109007
19109008
19109009
19109010
19109011
19109012
19109013
19109014
19109015
19109016
19109017
19109018
19109019
19109020
19109021
19109024
19109025
19109026
19110036
19110037
19110038
19110039
19110041
19110042
19110043
19110044
19110045
19110046
19110047
19110048
19110049
19110050
19110051
19110052
19111001
19111002
19111003
19111004
19111005
19111006
19111007
19111008
19111009
19111010
19111011
19111012
19111013
19111014
19111015
19111016
19111017
19111018
19111019
19111020
19111021
19111022
19111023
19111024
19111025
19111026
19111027
19111028
19112035
19112036
19112037
19112038
19112039
19112040
19112041
19112042
19112043
19112044
19112045
19112046
19112047
19112048
19112049
19112050
19112051
19112052
19112053
19112054
19112055
19112056
19112057
19112058
19112059
19113001
19113002
19113003
19113004
19113005
19113006
19113007
19113008
19113009
19113010
19113011
19113012
19113013
19113014
19113015
19113016
19113017
19113018
19113019
19114037
19114038
19114039
19114040
19114041
19114042
19114043
19114044
19114045
19114046
19114047
19114048
19114049
19114050
19114051
19114052
19114053
19114054
19115001
19115002
19115003
19115004
19115005
19115006
19115007
19115008
19115009
19115010
19115011
19115012
19115013
19115014
19115015
19115016
19115017
19115018
19115019
19115020
19117028
19117029
19117030
19117031
19117032
19117033
19117034
19117035
19117036
19117037
19117038
19118001
19118002
19118003
19118004
19118005
19118006
19118007
19118008
19118009
19118010
19118011
19118012
19118013
19118014
19118015
19118016
19118017
19118020
19118021
19118025
19118026
19118027
19118028
19118029
19118030
19118031
19118032
19118033
19118034
19118035
19118036
19119031
19119032
19119033
19119034
19119035
19119036
19119037
19119038
19119039
19119040
19119041
19119042
19119043
19119044
19119045
19119046
19119047
19119048
19119049
19119050
19119051
19119052
19120001
19120002
19120003
19120004
19120005
19120006
19120007
19120008
19120009
19120010
19120011
19120012
19120013
19120014
19120015
19120016
19120017
19120018
19120019
19120020
19120021
19120022
19120023
19120024
19120025
19120026
19120027
19120028
19120029
19120030
19120031
19121024
19121025
19121026
19121027
19121028
19121029
19121030
19121031
19121032
19121033
19121034
19121035
19121036
19121037
19121038
19121039
19121040
19121041
19121042
19121043
19121044
19121045
19121046
19121047
19121048
19121049
19121050
19121051
19121052
19121053
19121054
19122001
19122002
19122003
19122004
19122005
19122006
19122007
19122008
19122009
19122010
19122011
19122012
19122013
19122014
19122015
19122016
19122017
19122018
19122019
19124046
19124047
19124048
19124049
19124050
19124051
19124052
19124053
19124054
19124055
19124056
19124057
19124058
19124059
19124060
19124061
19124062
19124063
19125001
19125002
19125003
19125004
19125005
19125006
19125007
19125008
19125009
19125010
19125011
19125012
19125013
19125017
19125018
19125019
19125020
19125021
19125022
19126024
19126025
19126027
19126028
19126029
19126030
19126031
19126032
19126033
19126034
19126035
19126036
19126037
19126038
19126039
19126040
19126041
19126042
19126043
19126044
19126045
19126046
19126047
19126048
19126049
19126050
19126051
19126052
19126053
19126054
19126055
19127001
19127002
19127003
19127004
19127005
19127006
19127007
19127008
19127009
19127010
19127011
19127012
19127013
19127014
19127015
19127016
19127017
19127018
