19083049    0
19083050    1
19083051    2
19083052    3
19083053    4
19083054    5
19083055    6
19083056    7
19083057    8
19083058    9
19083059    10
19083060    11
19083061    12
19083062    13
19083063    14
19083064    15
19083065    16
19083066    17
19083067    18
19084001    19
19084002    20
19084003    21
19084004    22
19084005    23
19084006    24
19084007    25
19084008    26
19084010    27
19084011    28
19084013    29
19084022    30
19084024    31
19084025    32
19084026    33
19084027    34
19084028    35
19084029    36
19084030    37
19084031    38
19084032    39
19084033    40
19084034    41
19084035    42
19084036    43
19084037    44
19084038    45
19084039    46
19085038    47
19085039    48
19085040    49
19085041    50
19085042    51
19085043    52
19085044    53
19085047    54
19085048    55
19085049    56
19085050    57
19085051    58
19085052    59
19085053    60
19085054    61
19085058    62
19085059    63
19085060    64
19085061    65
19085062    66
19085063    67
19086001    68
19086002    69
19086003    70
19086004    71
19086005    72
19086006    73
19086007    74
19086008    75
19086010    76
19086011    77
19086012    78
19086013    79
19086014    80
19086015    81
19086016    82
19086017    83
19086018    84
19086019    85
19086020    86
19086021    87
19086022    88
19086027    89
19088005    90
19088006    91
19088007    92
19088008    93
19088009    94
19088011    95
19088051    96
19088052    97
19088053    98
19088054    99
19088055    100
19088058    101
19088059    102
19088060    103
19088061    104
19088063    105
19088064    106
19088065    107
19088066    108
19088067    109
19088068    110
19088070    111
19089004    112
19089005    113
19089006    114
19089008    115
19089011    116
19089013    117
19089014    118
19089015    119
19089016    120
19089017    121
19089018    122
19089019    123
19089025    124
19089028    125
19089029    126
19089030    127
19089031    128
19089032    129
19089033    130
19090032    131
19090035    132
19090036    133
19090037    134
19090038    135
19090039    136
19090040    137
19090041    138
19090042    139
19090044    140
19090046    141
19090048    142
19090049    143
19090050    144
19090051    145
19090052    146
19090053    147
19090054    148
19090055    149
19091001    150
19091002    151
19091003    152
19091004    153
19091007    154
19091011    155
19091012    156
19091014    157
19091015    158
19091016    159
19091017    160
19091018    161
19091019    162
19091020    163
19091021    164
19091022    165
19091023    166
19091027    167
19091029    168
19092050    169
19092051    170
19092052    171
19092054    172
19092056    173
19092057    174
19092078    175
19092080    176
19092081    177
19092084    178
19092085    179
19092086    180
19092087    181
19092089    182
19092090    183
19092092    184
19092093    185
19092094    186
19092095    187
19092096    188
19092097    189
19093001    190
19093002    191
19093003    192
19093004    193
19093005    194
19093006    195
19093007    196
19093008    197
19093009    198
19093010    199
19093011    200
19093012    201
19093013    202
19093015    203
19093017    204
19093018    205
19094075    206
19094077    207
19094079    208
19094080    209
19094081    210
19094082    211
19094083    212
19094084    213
19094086    214
19094087    215
19095002    216
19095003    217
19095004    218
19095005    219
19095007    220
19095025    221
19095027    222
19095028    223
19095029    224
19095030    225
19095031    226
19095032    227
19095033    228
19096051    229
19096052    230
19096053    231
19096054    232
19096055    233
19096056    234
19096057    235
19096058    236
19097001    237
19097004    238
19097005    239
19097006    240
19097022    241
19097023    242
19097024    243
19097025    244
19097026    245
19097027    246
19097028    247
19097029    248
19097030    249
19097031    250
19097033    251
19097034    252
19097035    253
19097036    254
19097040    255
19097042    256
19097044    257
19097045    258
19097046    259
19097047    260
19097049    261
19097051    262
19097052    263
19097053    264
19097054    265
19097057    266
19097058    267
19097061    268
19097062    269
19097063    270
19097064    271
19097066    272
19097067    273
19098052    274
19098056    275
19098057    276
19099001    277
19099002    278
19099003    279
19099004    280
19099005    281
19099006    282
19099007    283
19099008    284
19099009    285
19099010    286
19099012    287
19099013    288
19099014    289
19099015    290
19099016    291
19099017    292
19099018    293
19099019    294
19099020    295
19099022    296
19099023    297
19099024    298
19099031    299
19099032    300
19099033    301
19099034    302
19099035    303
19099037    304
19099039    305
19099040    306
19100045    307
19100046    308
19100047    309
19100048    310
19100049    311
19100050    312
19100051    313
19100052    314
19100055    315
19100056    316
19100057    317
19100058    318
19101001    319
19101002    320
19101003    321
19101004    322
19101005    323
19101006    324
19101007    325
19101008    326
19101009    327
19101010    328
19101011    329
19101012    330
19101013    331
19101014    332
19101015    333
19101016    334
19102041    335
19102042    336
19102043    337
19102044    338
19102045    339
19102046    340
19102047    341
19102048    342
19102049    343
19102050    344
19102051    345
19102052    346
19102053    347
19102054    348
19102055    349
19103007    350
19103008    351
19103009    352
19103010    353
19103011    354
19103012    355
19103013    356
19103014    357
19103015    358
19103016    359
19103017    360
19103018    361
19103019    362
19103021    363
19103022    364
19103025    365
19103026    366
19103027    367
19103028    368
19103030    369
19103031    370
19103032    371
19103033    372
19104030    373
19104031    374
19104032    375
19104033    376
19104034    377
19104036    378
19104037    379
19104041    380
19105005    381
19105006    382
19105007    383
19105008    384
19105009    385
19105011    386
19105012    387
19105013    388
19105014    389
19105015    390
19105017    391
19105018    392
19105019    393
19105020    394
19105021    395
19105024    396
19105026    397
19105027    398
19105028    399
19105029    400
19105030    401
19105031    402
19105032    403
19105033    404
19105034    405
19105035    406
19105036    407
19105037    408
19105038    409
19105039    410
19105041    411
19105042    412
19105045    413
19105046    414
19105047    415
19105048    416
19106044    417
19106045    418
19106046    419
19106047    420
19106048    421
19106049    422
19106050    423
19106051    424
19106052    425
19106053    426
19106054    427
19106055    428
19107001    429
19107002    430
19107003    431
19107004    432
19107006    433
19107010    434
19107011    435
19107012    436
19107013    437
19107014    438
19107016    439
19107017    440
19107018    441
19107020    442
19107021    443
19107022    444
19107023    445
19107024    446
19107025    447
19107026    448
19107027    449
19107028    450
19107029    451
19107030    452
19107031    453
19107032    454
19107033    455
19107034    456
19107035    457
19107036    458
19108057    459
19109001    460
19109002    461
19109003    462
19109004    463
19109005    464
19109006    465
19109007    466
19109008    467
19109009    468
19109011    469
19109012    470
19109013    471
19109014    472
19109015    473
19109016    474
19109017    475
19109018    476
19109020    477
19109021    478
19109024    479
19109025    480
19109026    481
19110036    482
19110037    483
19110038    484
19110039    485
19110041    486
19110042    487
19110043    488
19110044    489
19110045    490
19110046    491
19110047    492
19110048    493
19110049    494
19110050    495
19110051    496
19110052    497
19111001    498
19111002    499
19111004    500
19111005    501
19111006    502
19111007    503
19111008    504
19111009    505
19111010    506
19111011    507
19111012    508
19111013    509
19111014    510
19111015    511
19111016    512
19111017    513
19111018    514
19111019    515
19111020    516
19111021    517
19111022    518
19111023    519
19111024    520
19111025    521
19111026    522
19111027    523
19111028    524
19112035    525
19112037    526
19112038    527
19112039    528
19112040    529
19112041    530
19112042    531
19112043    532
19112044    533
19112045    534
19112046    535
19112047    536
19112048    537
19112049    538
19112050    539
19112051    540
19112052    541
19112053    542
19112054    543
19112055    544
19112056    545
19112057    546
19112058    547
19112059    548
19113001    549
19113002    550
19113003    551
19113004    552
19113006    553
19113007    554
19113008    555
19113009    556
19113010    557
19113011    558
19113012    559
19113013    560
19113014    561
19113015    562
19113016    563
19113017    564
19113018    565
19113019    566
19114037    567
19114038    568
19114039    569
19114040    570
19114041    571
19114042    572
19114043    573
19114044    574
19114045    575
19114046    576
19114047    577
19114048    578
19114049    579
19114050    580
19114051    581
19114052    582
19114053    583
19114054    584
19115001    585
19115002    586
19115003    587
19115004    588
19115005    589
19115006    590
19115007    591
19115008    592
19115009    593
19115010    594
19115011    595
19115012    596
19115013    597
19115014    598
19115015    599
19115016    600
19115020    601
19117028    602
19117029    603
19117030    604
19117031    605
19117032    606
19117033    607
19117034    608
19117036    609
19117037    610
19117038    611
19118001    612
19118002    613
19118003    614
19118004    615
19118005    616
19118006    617
19118007    618
19118008    619
19118009    620
19118010    621
19118011    622
19118012    623
19118013    624
19118014    625
19118015    626
19118016    627
19118017    628
19118020    629
19118021    630
19118025    631
19118026    632
19118027    633
19118028    634
19118029    635
19118030    636
19118031    637
19118032    638
19118033    639
19118034    640
19118035    641
19118036    642
19119031    643
19119033    644
19119034    645
19119035    646
19119036    647
19119037    648
19119038    649
19119039    650
19119040    651
19119041    652
19119042    653
19119043    654
19119044    655
19119045    656
19119046    657
19119047    658
19119048    659
19119049    660
19119050    661
19119051    662
19119052    663
19120001    664
19120002    665
19120003    666
19120004    667
19120005    668
19120006    669
19120007    670
19120011    671
19120012    672
19120015    673
19120020    674
19120022    675
19120023    676
19120024    677
19120026    678
19120027    679
19120028    680
19120029    681
19120030    682
19120031    683
19121024    684
19121026    685
19121027    686
19121028    687
19121029    688
19121030    689
19121031    690
19121032    691
19121033    692
19121034    693
19121035    694
19121036    695
19121037    696
19121038    697
19121039    698
19121042    699
19121043    700
19121044    701
19121045    702
19121047    703
19121050    704
19121051    705
19121052    706
19121053    707
19121054    708
19122001    709
19122002    710
19122003    711
19122004    712
19122005    713
19122006    714
19122007    715
19122008    716
19122009    717
19122010    718
19122011    719
19122012    720
19122013    721
19122014    722
19122015    723
19122016    724
19122017    725
19122018    726
19122019    727
19124046    728
19124047    729
19124048    730
19124049    731
19124050    732
19124051    733
19124052    734
19124053    735
19124054    736
19124055    737
19124056    738
19124057    739
19124058    740
19124059    741
19124060    742
19124061    743
19124062    744
19124063    745
19125001    746
19125002    747
19125003    748
19125004    749
19125005    750
19125006    751
19125007    752
19125009    753
19125010    754
19125011    755
19125012    756
19125013    757
19125017    758
19125018    759
19126024    760
19126025    761
19126027    762
19126028    763
19126029    764
19126030    765
19126031    766
19126032    767
19126033    768
19126034    769
19126035    770
19126036    771
19126037    772
19126038    773
19126039    774
19126040    775
19126041    776
19126042    777
19126043    778
19126044    779
19126046    780
19126047    781
19126048    782
19126049    783
19126050    784
19126051    785
19126052    786
19126053    787
19126054    788
19126055    789
19127001    790
19127002    791
19127003    792
19127004    793
19127005    794
19127006    795
19127007    796
19127008    797
19127009    798
19127011    799
19127012    800
19127013    801
19127014    802
19127015    803
19127017    804
19127018    805
