15076101    0
15076102    1
15076105    2
15076108    3
15076109    4
15077001    5
15077002    6
15077003    7
15077004    8
15077006    9
15077007    10
15077008    11
15077011    12
15077012    13
15077014    14
15077015    15
15077017    16
15077018    17
15077019    18
15077020    19
15077033    20
15077035    21
15077036    22
15077039    23
15077042    24
15077043    25
15077044    26
15077045    27
15077046    28
15077047    29
15077048    30
15077049    31
15077050    32
15077051    33
15077055    34
15077056    35
15077057    36
15077059    37
15077060    38
15077061    39
15077062    40
15077063    41
15077066    42
15077067    43
15077069    44
15077070    45
15077079    46
15077080    47
15078001    48
15078002    49
15078003    50
15078004    51
15078005    52
15078006    53
15078011    54
15078017    55
15078018    56
15078019    57
15078021    58
15078069    59
15078071    60
15078073    61
15078074    62
15078075    63
15078103    64
15078104    65
15078107    66
15078108    67
15078109    68
15078110    69
15078111    70
15078113    71
15079001    72
15079002    73
15079003    74
15079009    75
15079010    76
15079013    77
15079014    78
15079016    79
15079017    80
15079018    81
15079019    82
15079020    83
15079021    84
15079022    85
15079023    86
15079024    87
15079025    88
15079026    89
15079027    90
15079041    91
15079042    92
15079046    93
15079047    94
15079048    95
15079050    96
15079051    97
15079052    98
15079056    99
15079057    100
15079058    101
15079059    102
15079060    103
15079061    104
15079062    105
15079063    106
15080002    107
15080003    108
15080004    109
15080005    110
15080006    111
15080007    112
15080008    113
15080009    114
15080010    115
15080011    116
15080012    117
15080013    118
15080014    119
15080015    120
15080016    121
15080024    122
15080029    123
15080035    124
15080036    125
15080037    126
15080038    127
15080039    128
15080041    129
15080042    130
15080043    131
15080044    132
15080045    133
15080053    134
15080054    135
15080055    136
15080056    137
15080057    138
15080058    139
15080059    140
15080060    141
15080061    142
15080062    143
15080063    144
15080064    145
15081001    146
15081002    147
15081003    148
15081004    149
15081005    150
15081006    151
15081007    152
15081008    153
15081009    154
15081010    155
15081011    156
15081012    157
15081013    158
15081014    159
15081015    160
15081016    161
15081017    162
15081022    163
15081023    164
15081024    165
15081025    166
15081026    167
15081027    168
15081028    169
15081029    170
15081034    171
15081036    172
15081037    173
15081038    174
15081041    175
15081042    176
15081043    177
15081044    178
15082004    179
15082005    180
15082007    181
15082008    182
15082009    183
15082013    184
15082014    185
15082016    186
15082017    187
15082018    188
15082021    189
15082022    190
15082023    191
15082024    192
15082025    193
15082028    194
15082030    195
15082031    196
15082052    197
15082053    198
15082055    199
15082056    200
15082057    201
15082058    202
15082059    203
15082060    204
15082064    205
15082065    206
15082066    207
15082067    208
15082069    209
15082071    210
15082073    211
15082074    212
15082075    213
15083002    214
15083003    215
15083004    216
15083005    217
15083007    218
15083008    219
15083009    220
15083010    221
15083014    222
15083015    223
15083017    224
15083019    225
15083021    226
15083023    227
15083024    228
15083025    229
15083027    230
15083028    231
15083029    232
15083030    233
15083031    234
15084002    235
15084006    236
15084007    237
15084008    238
15084009    239
15084010    240
15084011    241
15084022    242
15084025    243
15084027    244
15084028    245
15084029    246
15084030    247
15084031    248
15084036    249
15084037    250
15084038    251
15084039    252
15084040    253
15084052    254
15084053    255
15084054    256
15084055    257
15084058    258
15084059    259
15084060    260
15084061    261
15084062    262
15084063    263
15084064    264
15084066    265
15084067    266
15084068    267
15084069    268
15084070    269
15084091    270
15084092    271
15084093    272
15085001    273
15085002    274
15085003    275
15085004    276
15085005    277
15085006    278
15085007    279
15085008    280
15085010    281
15085012    282
15085013    283
15085014    284
15085015    285
15085016    286
15085017    287
15085018    288
15085019    289
15085020    290
15085021    291
15085022    292
15085115    293
15086001    294
15086003    295
15086004    296
15086005    297
15086006    298
15086007    299
15086009    300
15086010    301
15086011    302
15086012    303
15086013    304
15086014    305
15086016    306
15086017    307
15086018    308
15086046    309
15086050    310
15086051    311
15086054    312
15086055    313
15086058    314
15086060    315
15086061    316
15086062    317
15086063    318
15086064    319
15086065    320
15086066    321
15086067    322
15086068    323
15086069    324
15086072    325
15086073    326
15086074    327
15086075    328
15086076    329
15086077    330
15086078    331
15086079    332
15086082    333
15087001    334
15087002    335
15087004    336
15087006    337
15087007    338
15087008    339
15087009    340
15087010    341
15087011    342
15087012    343
15087013    344
15087016    345
15087017    346
15087018    347
15087019    348
15087020    349
15087022    350
15087036    351
15087037    352
15087038    353
15087039    354
15087040    355
15087041    356
15087042    357
15087043    358
15087046    359
15087047    360
15087049    361
15087050    362
15087055    363
15087056    364
15087058    365
15088003    366
15088004    367
15088005    368
15088006    369
15088069    370
15089002    371
15089004    372
15089005    373
15089006    374
15089007    375
15089008    376
15089009    377
15089010    378
15089023    379
15089024    380
15089025    381
15089026    382
15089027    383
15089028    384
15089029    385
15089030    386
15089031    387
15089032    388
15089033    389
15089034    390
15089036    391
15089037    392
15089038    393
15089039    394
15089040    395
15089041    396
15089042    397
15089044    398
15089045    399
15089051    400
15089052    401
15089053    402
15090002    403
15090003    404
15090004    405
15090005    406
15090006    407
15090007    408
15090008    409
15090010    410
15090020    411
15090022    412
15090038    413
15090039    414
15090047    415
15090048    416
15090049    417
15090050    418
15090053    419
15090054    420
15090056    421
15090058    422
15090059    423
15090060    424
15090062    425
15090063    426
15090064    427
15090065    428
15090066    429
15090067    430
15090068    431
15091006    432
15091007    433
15091024    434
15091025    435
15091026    436
15091027    437
15091028    438
15091029    439
15091033    440
15091034    441
15091036    442
15091037    443
15091038    444
15091040    445
15091041    446
15091042    447
15091045    448
15091046    449
15092004    450
15092005    451
15092007    452
15092008    453
15092009    454
15092011    455
15092012    456
15092013    457
15092016    458
15092017    459
15092018    460
15092077    461
15092078    462
15092079    463
15093001    464
15093002    465
15093003    466
15093004    467
15093005    468
15093006    469
15093007    470
15093008    471
15093010    472
15093011    473
15093013    474
15093015    475
15093016    476
15093017    477
15093018    478
15093031    479
15093034    480
15093035    481
15093036    482
15093037    483
15093038    484
15093039    485
15093040    486
15093041    487
15093043    488
15093044    489
15093045    490
15093046    491
15093048    492
15093049    493
15093050    494
15093051    495
15093052    496
15093053    497
15093054    498
15093061    499
15093062    500
15093063    501
15093064    502
15094001    503
15094002    504
15094007    505
15094008    506
15094009    507
15094010    508
15094011    509
15094012    510
15094013    511
15094014    512
15094015    513
15094016    514
15094017    515
15094019    516
15094020    517
15094056    518
15094057    519
15094058    520
15094059    521
15094060    522
15094064    523
15094065    524
15094066    525
15094069    526
15094070    527
15094071    528
15094073    529
15095008    530
15095009    531
15095010    532
15095011    533
15095012    534
15095013    535
15095014    536
15095016    537
15095017    538
15095018    539
15095019    540
15095020    541
15095021    542
15095022    543
15095023    544
15095024    545
15095025    546
15095026    547
15095027    548
15095028    549
15095035    550
15095036    551
15095037    552
15095038    553
15095039    554
15095040    555
15095041    556
15095042    557
15095045    558
15095046    559
15095047    560
15095048    561
15095049    562
15095050    563
15095051    564
15095052    565
15096012    566
15096013    567
15096014    568
15096015    569
15096016    570
15096017    571
15096018    572
15096019    573
15096020    574
15096021    575
15096022    576
15096023    577
15096024    578
15096025    579
15096026    580
15096027    581
15096028    582
15096029    583
15096030    584
15096031    585
15096032    586
15096050    587
15096052    588
15096053    589
15096054    590
15096055    591
15096056    592
15096057    593
15096058    594
15096059    595
15097005    596
15097006    597
15097007    598
15097008    599
15097009    600
15097010    601
15097011    602
15097012    603
15097013    604
15097016    605
15097018    606
15097019    607
15097020    608
15097021    609
15097022    610
15097023    611
15097024    612
15097025    613
15097026    614
15097027    615
15097028    616
15097029    617
15097030    618
15097032    619
15097034    620
15097039    621
15097040    622
15097041    623
15097042    624
15097043    625
15097044    626
15097046    627
15097049    628
15097050    629
15097051    630
15097054    631
15097055    632
15097056    633
15097057    634
15097059    635
15097061    636
15097062    637
15097063    638
15097064    639
15097065    640
15098001    641
15098002    642
15098003    643
15098005    644
15098007    645
15098008    646
15098010    647
15098011    648
15098012    649
15098013    650
15098014    651
15098015    652
15098016    653
15098017    654
15098018    655
15098019    656
15098020    657
15098021    658
15098022    659
15098024    660
15098028    661
15098029    662
15098035    663
15098036    664
15098037    665
15098038    666
15098039    667
15098040    668
15098041    669
15098042    670
15098067    671
15098068    672
15098069    673
15098070    674
15098071    675
15098072    676
15098073    677
15098074    678
15098075    679
15098076    680
15098077    681
15099001    682
15099002    683
15100009    684
15100010    685
15100011    686
15100024    687
15100025    688
15100026    689
15100027    690
15100028    691
15100029    692
15100030    693
15100031    694
15100032    695
15100033    696
15100035    697
15100036    698
15100037    699
15100038    700
15100039    701
15100040    702
15100100    703
15100101    704
15100102    705
15100103    706
15100124    707
15101001    708
15101002    709
15101003    710
15101004    711
15101005    712
15101006    713
15101007    714
15101008    715
15101009    716
15101010    717
15101011    718
15101012    719
15101013    720
15101014    721
15101015    722
15101016    723
15101017    724
15101018    725
15101019    726
15101020    727
15101021    728
15101022    729
15101023    730
15101040    731
15101041    732
15101042    733
15101043    734
15101044    735
15101045    736
15101046    737
15101047    738
15101048    739
15101049    740
15101050    741
15101051    742
15102006    743
15102007    744
15102008    745
15102009    746
15102010    747
15102011    748
15102012    749
15102013    750
15102014    751
15102015    752
15102016    753
15102017    754
15102018    755
15102019    756
15102020    757
15102021    758
15102022    759
15102023    760
15102024    761
15102026    762
15102032    763
15102033    764
15102034    765
15102035    766
15102036    767
15102037    768
15102038    769
15102039    770
15102040    771
15102041    772
15102042    773
15102043    774
15102044    775
15102046    776
15102047    777
15102050    778
15102053    779
15102056    780
15102057    781
15102058    782
15102059    783
15102060    784
15102068    785
15103010    786
15103011    787
15103013    788
15103014    789
15103015    790
15103016    791
15103017    792
15103018    793
15103019    794
15103020    795
15103021    796
15103022    797
15103023    798
15103024    799
15103025    800
15103026    801
15103027    802
15103028    803
15103029    804
15103030    805
15103031    806
15103042    807
15103043    808
15103045    809
15103046    810
15103049    811
15103050    812
15103051    813
15103052    814
15103053    815
15103054    816
15103055    817
15103056    818
15103057    819
15103058    820
15103059    821
15103060    822
15103062    823
15104002    824
15104003    825
15104004    826
15104006    827
15104007    828
15104008    829
15104010    830
15104011    831
15104012    832
15104013    833
15104014    834
15104015    835
15104016    836
15104017    837
15104018    838
15104019    839
15104020    840
15104021    841
15104022    842
15104023    843
15104024    844
15104037    845
15104039    846
15104040    847
15104042    848
15104043    849
15104044    850
15104052    851
15104053    852
15104054    853
15104055    854
15104056    855
15104057    856
15104058    857
15104059    858
15104060    859
15104062    860
15104063    861
15104064    862
15104065    863
15104066    864
15104067    865
15104068    866
15104069    867
15104070    868
15105001    869
15105002    870
15105003    871
15105004    872
15105005    873
15105006    874
15105008    875
15105010    876
15105012    877
15105013    878
15105015    879
15105016    880
15105017    881
15105018    882
15105019    883
15105020    884
15105021    885
15105023    886
15105024    887
15105025    888
15105026    889
15105028    890
15105029    891
15105030    892
15105031    893
15105032    894
15105033    895
15105054    896
15105055    897
15105056    898
15105057    899
15105058    900
15105061    901
15105062    902
15105063    903
15105064    904
15105065    905
15105067    906
15105068    907
15105070    908
15105071    909
15105072    910
15105073    911
15106001    912
15106002    913
15106005    914
15106008    915
15106009    916
15106010    917
15106011    918
15106131    919
15106132    920
15106133    921
15106134    922
15106135    923
15106136    924
15107001    925
15107002    926
15107003    927
15107004    928
15107005    929
15107006    930
15107008    931
15107009    932
15107010    933
15107011    934
15107013    935
15107014    936
15107015    937
15107063    938
15107064    939
15107065    940
15107073    941
15107074    942
15107075    943
15107076    944
15107077    945
15107078    946
15107079    947
15107080    948
15107081    949
15107082    950
15107083    951
15107084    952
15107085    953
15107086    954
15107087    955
15107088    956
15107089    957
15107090    958
15108001    959
15108003    960
15108004    961
15108005    962
15108007    963
15108008    964
15108009    965
15108010    966
15108011    967
15108012    968
15108013    969
15108014    970
15108015    971
15108016    972
15108017    973
15108018    974
15108019    975
15108020    976
15108021    977
15108022    978
15108023    979
15108024    980
15108025    981
15108027    982
15108028    983
15108056    984
15108057    985
15108058    986
15108059    987
15108063    988
15108069    989
15108072    990
15108073    991
15108074    992
15108075    993
15108076    994
15108077    995
15108078    996
15108079    997
15108080    998
15109001    999
15109002    1000
15109004    1001
15109005    1002
15109006    1003
15109007    1004
15109008    1005
15109009    1006
15109010    1007
15109011    1008
15109012    1009
15109013    1010
15109019    1011
15109020    1012
15109021    1013
15109024    1014
15109025    1015
15109026    1016
15109027    1017
15109028    1018
15109029    1019
15109030    1020
15109031    1021
15109032    1022
15109035    1023
15109036    1024
15109037    1025
15109038    1026
15109039    1027
15109040    1028
15109041    1029
15109042    1030
15109043    1031
15109045    1032
15109046    1033
15109051    1034
15109052    1035
15109054    1036
15109055    1037
15109056    1038
15109057    1039
15109058    1040
15109059    1041
15109060    1042
15109061    1043
15109062    1044
15109063    1045
15109065    1046
15110001    1047
15110002    1048
15110003    1049
15110004    1050
15110005    1051
15110008    1052
15110009    1053
15110010    1054
15110011    1055
15110012    1056
15110013    1057
15110015    1058
15110016    1059
15110017    1060
15110019    1061
15110020    1062
15110021    1063
15110022    1064
15110023    1065
15110024    1066
15110025    1067
15110026    1068
15110027    1069
15110028    1070
15110029    1071
15110030    1072
15110031    1073
15110032    1074
15110033    1075
15110034    1076
15110035    1077
15110038    1078
15110039    1079
15110040    1080
15110041    1081
15110042    1082
15110043    1083
15110045    1084
15110046    1085
15110047    1086
15110048    1087
15110049    1088
15110050    1089
15110051    1090
15110052    1091
15110053    1092
15110058    1093
15111001    1094
15111002    1095
15111003    1096
15111004    1097
15111005    1098
15111006    1099
15111007    1100
15111008    1101
15111009    1102
15111010    1103
15111011    1104
15111012    1105
15111013    1106
15111014    1107
15111015    1108
15111016    1109
15111050    1110
15111051    1111
15111052    1112
15111053    1113
15111065    1114
15111066    1115
15111067    1116
15111068    1117
15112001    1118
15112003    1119
15112004    1120
15112005    1121
15112006    1122
15112007    1123
15112009    1124
15112010    1125
15112011    1126
15112012    1127
15112013    1128
15112014    1129
15112019    1130
15112020    1131
15112021    1132
15112022    1133
15112023    1134
15112024    1135
15112025    1136
15112026    1137
15112027    1138
15112028    1139
15112029    1140
15112030    1141
15112031    1142
15112033    1143
15112034    1144
15112035    1145
15112036    1146
15112037    1147
15112038    1148
15112039    1149
15112040    1150
15112041    1151
15112042    1152
15112043    1153
15112044    1154
15112045    1155
15112046    1156
15112047    1157
15112048    1158
15112049    1159
15112050    1160
15112051    1161
15113001    1162
15113004    1163
15113005    1164
15113006    1165
15113009    1166
15113010    1167
15113011    1168
15113012    1169
15113103    1170
15113104    1171
15114001    1172
15114002    1173
15114003    1174
15114010    1175
15114011    1176
15114012    1177
15114013    1178
15114016    1179
15114017    1180
15114018    1181
15114019    1182
15114020    1183
15114021    1184
15114022    1185
15114023    1186
15114024    1187
15114025    1188
15114026    1189
15114027    1190
15114028    1191
15114034    1192
15114035    1193
15114036    1194
15114037    1195
15114038    1196
15114039    1197
15114040    1198
15114041    1199
15114042    1200
15114043    1201
15114044    1202
15114045    1203
15114046    1204
15114047    1205
15114048    1206
15114050    1207
15114051    1208
15114052    1209
15114053    1210
15114054    1211
15114055    1212
15114056    1213
15114057    1214
15114058    1215
15115012    1216
15115013    1217
15115014    1218
15115067    1219
15115068    1220
15115069    1221
15115070    1222
15115071    1223
15115072    1224
15115073    1225
15115074    1226
15115075    1227
15115076    1228
15115077    1229
15115078    1230
15115079    1231
15115080    1232
15115082    1233
15115083    1234
15115084    1235
15115085    1236
15115086    1237
15115087    1238
15115088    1239
15116002    1240
15116003    1241
15116004    1242
15116005    1243
15116015    1244
15116016    1245
15116017    1246
15116018    1247
15116019    1248
15116020    1249
15116021    1250
15116026    1251
15116029    1252
15116032    1253
15116033    1254
15116034    1255
15116035    1256
15116036    1257
15116037    1258
15116039    1259
15116040    1260
15116041    1261
15116042    1262
15116047    1263
15116048    1264
15116049    1265
15116050    1266
15116051    1267
15116052    1268
15116054    1269
15116055    1270
15116056    1271
15116057    1272
15116058    1273
15116059    1274
15116060    1275
15116061    1276
15116062    1277
15116068    1278
15117002    1279
15117003    1280
15117004    1281
15117005    1282
15117050    1283
15117051    1284
15117052    1285
15117053    1286
15117054    1287
15117055    1288
15117056    1289
15117057    1290
15117058    1291
15117059    1292
15117060    1293
15117061    1294
15117062    1295
15117063    1296
15117064    1297
15117065    1298
15117066    1299
15117067    1300
15117068    1301
15117069    1302
15117070    1303
15118003    1304
15118004    1305
15118005    1306
15118006    1307
15118007    1308
15118008    1309
15118009    1310
15118011    1311
15118013    1312
15118014    1313
15118015    1314
15118016    1315
15118017    1316
15118018    1317
15118019    1318
15118020    1319
15118021    1320
15118022    1321
15118023    1322
15118024    1323
15118052    1324
15118053    1325
15118054    1326
15118055    1327
15118056    1328
15118057    1329
15118058    1330
15118059    1331
15118060    1332
15118063    1333
15118064    1334
15118065    1335
15118066    1336
15119008    1337
15119009    1338
15119011    1339
15119012    1340
15119013    1341
15119014    1342
15119015    1343
15119018    1344
15119019    1345
15119020    1346
15119021    1347
15119022    1348
15119023    1349
15119024    1350
15119025    1351
15119026    1352
15119027    1353
15119028    1354
15119029    1355
15119031    1356
15119034    1357
15119035    1358
15119036    1359
15119042    1360
15119043    1361
15119045    1362
15119046    1363
15119049    1364
15119051    1365
15119052    1366
15119053    1367
15119054    1368
15119055    1369
15119056    1370
15119057    1371
15119058    1372
15119059    1373
15119061    1374
15119063    1375
15119064    1376
15119065    1377
15120001    1378
15120002    1379
15120004    1380
15120005    1381
15120006    1382
15120007    1383
15120008    1384
15120009    1385
15120011    1386
15120105    1387
15120106    1388
15120108    1389
15120109    1390
15120115    1391
15120117    1392
15121001    1393
15121002    1394
15121003    1395
15121004    1396
15121005    1397
15121006    1398
15121007    1399
15121008    1400
15121009    1401
15121012    1402
15121013    1403
15121015    1404
15121016    1405
15121017    1406
15121018    1407
15121060    1408
15121061    1409
15121062    1410
15121063    1411
15121065    1412
15121066    1413
15121067    1414
15121068    1415
15121070    1416
15121071    1417
15121072    1418
15121076    1419
15121077    1420
15121078    1421
15122003    1422
15122004    1423
15122006    1424
15122008    1425
15122010    1426
15122011    1427
15122017    1428
15122018    1429
15122019    1430
15122020    1431
15122023    1432
15122026    1433
15122027    1434
15122030    1435
15122031    1436
15122034    1437
15122039    1438
15122041    1439
15122042    1440
15122043    1441
15122044    1442
15122045    1443
15122046    1444
15122047    1445
15122048    1446
15122049    1447
15122056    1448
15122057    1449
15122058    1450
15122059    1451
15122060    1452
15122061    1453
15122062    1454
15122063    1455
15122064    1456
15122065    1457
15123001    1458
15123002    1459
15123003    1460
15123006    1461
15123009    1462
15123010    1463
15123011    1464
15123013    1465
15123014    1466
15123015    1467
15123016    1468
15123017    1469
15123018    1470
15123019    1471
15123020    1472
15123021    1473
15123022    1474
15123023    1475
15123024    1476
15123025    1477
15123026    1478
15123027    1479
15123028    1480
15123034    1481
15123035    1482
15123036    1483
15123037    1484
15123044    1485
15123045    1486
15123047    1487
15123048    1488
15123049    1489
15123050    1490
15123051    1491
15123053    1492
15123054    1493
15124001    1494
15124002    1495
15124003    1496
15124004    1497
15124006    1498
15124008    1499
15124010    1500
15124021    1501
15124022    1502
15124023    1503
15124025    1504
15124026    1505
15124027    1506
15124028    1507
15124031    1508
15124032    1509
15124033    1510
15124034    1511
15124035    1512
15124040    1513
15124041    1514
15124042    1515
15124043    1516
15124044    1517
15124049    1518
15124050    1519
15124052    1520
15124053    1521
15124054    1522
15124055    1523
15124056    1524
15124057    1525
15124058    1526
15124060    1527
15124061    1528
15124062    1529
15124063    1530
15125001    1531
15125002    1532
15125003    1533
15125007    1534
15125060    1535
15125061    1536
15125062    1537
15125064    1538
15125065    1539
15125067    1540
15125070    1541
15125071    1542
15125072    1543
15125073    1544
15125074    1545
15125075    1546
15126002    1547
15126004    1548
15126006    1549
15126008    1550
15126009    1551
15126010    1552
15126011    1553
15126012    1554
15126013    1555
15126015    1556
15126016    1557
15126017    1558
15126018    1559
15126019    1560
15126021    1561
15126022    1562
15126023    1563
15126036    1564
15126037    1565
15126038    1566
15126039    1567
15126040    1568
15126044    1569
15126045    1570
15126046    1571
15126047    1572
15126048    1573
15126049    1574
15126050    1575
15126051    1576
15126052    1577
15126053    1578
15126054    1579
15126060    1580
15126061    1581
15127001    1582
15127002    1583
15127003    1584
15127004    1585
15127005    1586
15127006    1587
15127007    1588
15127009    1589
15127010    1590
15127011    1591
15127012    1592
15127013    1593
15128015    1594
15128016    1595
15128017    1596
15128018    1597
15128019    1598
15128020    1599
15128021    1600
15128022    1601
15128024    1602
15128025    1603
15128026    1604
15128027    1605
15128028    1606
15128029    1607
15128030    1608
15128031    1609
15128032    1610
15128033    1611
15128048    1612
15128049    1613
15128050    1614
15128051    1615
15128052    1616
15129001    1617
15129002    1618
15129003    1619
15129004    1620
15129006    1621
15129007    1622
15129009    1623
15129010    1624
15129011    1625
15129012    1626
15129013    1627
15129014    1628
15129015    1629
15129016    1630
15129017    1631
15129018    1632
15129022    1633
15129045    1634
15129046    1635
15129047    1636
15129048    1637
15129049    1638
15129050    1639
15129051    1640
15129052    1641
15130001    1642
15130002    1643
15130003    1644
15130004    1645
15130005    1646
15130006    1647
15130007    1648
15130008    1649
15130009    1650
15130011    1651
15130013    1652
15130014    1653
15130015    1654
15130016    1655
15130031    1656
15130032    1657
15130033    1658
15130034    1659
15130035    1660
15130036    1661
15130037    1662
15130038    1663
15130040    1664
15130041    1665
15130042    1666
15130043    1667
15130044    1668
15130045    1669
15130046    1670
15130047    1671
15130048    1672
15130054    1673
15130055    1674
15130056    1675
15131001    1676
15131002    1677
15131003    1678
15131004    1679
15131005    1680
15131006    1681
15131007    1682
15131008    1683
15131009    1684
15131010    1685
15131011    1686
15131012    1687
15131013    1688
15131014    1689
15131030    1690
15131031    1691
15131033    1692
15131034    1693
15131035    1694
15131036    1695
15131037    1696
15131039    1697
15131040    1698
15131041    1699
15131042    1700
15131043    1701
15131044    1702
15131045    1703
15131046    1704
15131047    1705
15131048    1706
15131049    1707
15131050    1708
15131051    1709
15131052    1710
15131053    1711
15132002    1712
15132003    1713
15132004    1714
15132005    1715
15132006    1716
15132007    1717
15132008    1718
15132009    1719
15132010    1720
15132011    1721
15132012    1722
15132014    1723
15132015    1724
15132016    1725
15132017    1726
15132018    1727
15132019    1728
15132022    1729
15132023    1730
15132024    1731
15132025    1732
15132026    1733
15132028    1734
15132029    1735
15132030    1736
15132031    1737
15132032    1738
15132033    1739
15132034    1740
15132035    1741
15132036    1742
15132037    1743
15132038    1744
15133002    1745
15133004    1746
15133005    1747
15133006    1748
15133008    1749
15133009    1750
15133010    1751
15133011    1752
15133012    1753
15133013    1754
15133014    1755
15133017    1756
15133018    1757
15133019    1758
15133020    1759
15133021    1760
15133031    1761
15133032    1762
15133033    1763
15133034    1764
15133035    1765
15133036    1766
15133037    1767
15133038    1768
15133039    1769
15133040    1770
15133041    1771
15133042    1772
15133043    1773
15133044    1774
15133045    1775
15133047    1776
15133049    1777
15133050    1778
15133051    1779
15133053    1780
15133054    1781
15133055    1782
15133056    1783
15134001    1784
15134002    1785
15134003    1786
15134004    1787
15134006    1788
15134007    1789
15134008    1790
15134009    1791
15134010    1792
15134050    1793
15134051    1794
15134053    1795
15134055    1796
15134056    1797
15134057    1798
15134058    1799
15134060    1800
15134062    1801
15134063    1802
15135004    1803
15135005    1804
15135006    1805
15135007    1806
15135008    1807
15135009    1808
15135010    1809
15135011    1810
15135012    1811
15135013    1812
15135014    1813
15135015    1814
15135016    1815
15135062    1816
15135063    1817
15135064    1818
15135065    1819
15136001    1820
15136002    1821
15136003    1822
15136004    1823
15136005    1824
15136006    1825
15136007    1826
15136008    1827
15136009    1828
15136011    1829
15136012    1830
15136013    1831
15136014    1832
15136015    1833
15136016    1834
15136017    1835
15136033    1836
15136034    1837
15136035    1838
15136036    1839
15136037    1840
15136038    1841
15136039    1842
15136040    1843
15136041    1844
15136042    1845
15137025    1846
15137026    1847
15137027    1848
15137028    1849
15137029    1850
15137030    1851
15137032    1852
15137033    1853
15137034    1854
15137035    1855
15137036    1856
15137037    1857
15137038    1858
15137050    1859
15137051    1860
15137052    1861
15137053    1862
15138035    1863
15138056    1864
15138057    1865
15138058    1866
15138059    1867
15138060    1868
15138061    1869
15138062    1870
15138063    1871
15138064    1872
15138065    1873
15138066    1874
15138067    1875
15138068    1876
15138069    1877
15138070    1878
15138071    1879
15138074    1880
15138075    1881
15139003    1882
15139008    1883
15139009    1884
15139010    1885
15139012    1886
15139013    1887
15139015    1888
15139016    1889
15139017    1890
15139018    1891
15139020    1892
15139021    1893
15139022    1894
15139023    1895
15139024    1896
15139025    1897
15139026    1898
15139037    1899
15139038    1900
15139039    1901
15139040    1902
15139041    1903
15139042    1904
15139043    1905
15139044    1906
15139045    1907
15139046    1908
15139047    1909
15139050    1910
15139051    1911
15139052    1912
15140002    1913
15140003    1914
15140004    1915
15140005    1916
15140006    1917
15140007    1918
15140011    1919
15140012    1920
15140013    1921
15140014    1922
15140015    1923
15140017    1924
15140018    1925
15140019    1926
15140020    1927
15140021    1928
15140022    1929
15140023    1930
15140025    1931
15140026    1932
15140027    1933
15140028    1934
15140029    1935
15140030    1936
15140031    1937
15140032    1938
15140034    1939
15140035    1940
15140036    1941
15140037    1942
15140045    1943
15140046    1944
15140047    1945
15140048    1946
15140049    1947
15140050    1948
15140051    1949
15140052    1950
15140053    1951
15140054    1952
15140055    1953
15141001    1954
15141002    1955
15141003    1956
15141004    1957
15141006    1958
15141007    1959
15141009    1960
15141010    1961
15141011    1962
15141012    1963
15141013    1964
15141048    1965
15142003    1966
15142004    1967
15142005    1968
15142006    1969
15142008    1970
15142011    1971
15142012    1972
15142013    1973
15142014    1974
15142015    1975
15142018    1976
15142019    1977
15142020    1978
15142021    1979
15142022    1980
15142025    1981
15142054    1982
15142055    1983
15142058    1984
15143010    1985
15143011    1986
15143012    1987
15143013    1988
15143026    1989
15143027    1990
15143028    1991
15143029    1992
15143030    1993
15143031    1994
15143032    1995
15143033    1996
15143034    1997
15143035    1998
15143036    1999
15143037    2000
15143038    2001
15143039    2002
15143040    2003
15143049    2004
15143051    2005
15143052    2006
15144001    2007
15144003    2008
15144004    2009
15144005    2010
15144006    2011
15144007    2012
15144008    2013
15144009    2014
15144010    2015
15144011    2016
15144012    2017
15144013    2018
15144014    2019
15144015    2020
15144017    2021
15144018    2022
15144026    2023
15144027    2024
15144028    2025
15144032    2026
15144033    2027
15144034    2028
15144035    2029
15144036    2030
15144037    2031
15144039    2032
15144040    2033
15144043    2034
15144044    2035
15144046    2036
15144047    2037
15144049    2038
15144052    2039
15144054    2040
15144056    2041
15144058    2042
15144060    2043
15144062    2044
15144063    2045
15144064    2046
15144065    2047
15144067    2048
15144068    2049
15144070    2050
15145003    2051
15145004    2052
15145005    2053
15145006    2054
15145007    2055
15145008    2056
15145009    2057
15145010    2058
15145012    2059
15145013    2060
15145014    2061
15145015    2062
15145016    2063
15145017    2064
15145018    2065
15145019    2066
15145020    2067
15145021    2068
15145022    2069
15145023    2070
15145024    2071
15145029    2072
15145031    2073
15145032    2074
15145033    2075
15145034    2076
15145035    2077
15145036    2078
15145037    2079
15145038    2080
15145056    2081
15145060    2082
15145061    2083
15145062    2084
15145063    2085
15145064    2086
15146001    2087
15146002    2088
15146003    2089
15146004    2090
15146006    2091
15146008    2092
15146009    2093
15146010    2094
15146013    2095
15146017    2096
15146020    2097
15146023    2098
15146025    2099
15146026    2100
15146042    2101
15146043    2102
15146044    2103
15146045    2104
15146046    2105
15146049    2106
15146050    2107
15146051    2108
15146052    2109
15146054    2110
15146055    2111
15146057    2112
15146058    2113
15146059    2114
15146060    2115
15146061    2116
15146062    2117
15146064    2118
15146065    2119
15146066    2120
15146067    2121
15146068    2122
15146069    2123
15147001    2124
15147002    2125
15147003    2126
15147004    2127
15147005    2128
15147006    2129
15147007    2130
15147008    2131
15147009    2132
15147010    2133
15147011    2134
15147012    2135
15147013    2136
15147014    2137
15147015    2138
15147022    2139
15147023    2140
15147024    2141
15147025    2142
15147026    2143
15147027    2144
15147028    2145
15147029    2146
15147030    2147
15147031    2148
15147032    2149
15147033    2150
15147037    2151
15147038    2152
15147039    2153
15147040    2154
15147041    2155
15147042    2156
15148003    2157
15148004    2158
15148005    2159
15148006    2160
15148007    2161
15148008    2162
15148009    2163
15148010    2164
15148011    2165
15148062    2166
15148064    2167
15148065    2168
15148066    2169
15149009    2170
15149010    2171
15149011    2172
15149012    2173
15149013    2174
15149015    2175
15149016    2176
15149017    2177
15149061    2178
15149062    2179
15149063    2180
15149064    2181
15149067    2182
15149069    2183
15149070    2184
15149071    2185
15149072    2186
15149073    2187
15149074    2188
15149075    2189
15149076    2190
15150001    2191
15150004    2192
15150005    2193
15150009    2194
15150010    2195
15150011    2196
15150012    2197
15150013    2198
15150014    2199
15150015    2200
15150027    2201
15150030    2202
15150031    2203
15150048    2204
15150049    2205
15150054    2206
15150055    2207
15150056    2208
15150057    2209
15150058    2210
15150059    2211
15150060    2212
15150061    2213
15150062    2214
15150063    2215
15150064    2216
15150079    2217
15150080    2218
15150081    2219
15150082    2220
15151004    2221
15151005    2222
15151006    2223
15151007    2224
15151008    2225
15151009    2226
15151010    2227
15151011    2228
15151012    2229
15151013    2230
15151014    2231
15151015    2232
15151017    2233
15151018    2234
15151019    2235
15151020    2236
15151021    2237
15151022    2238
15151023    2239
15151024    2240
15151032    2241
15151033    2242
15151034    2243
15151035    2244
15151036    2245
15151038    2246
15151039    2247
15151040    2248
15151041    2249
15151042    2250
15151044    2251
15151045    2252
15151046    2253
15151048    2254
15151049    2255
15151050    2256
15151051    2257
15151052    2258
15151053    2259
15151054    2260
15151055    2261
15151056    2262
15151058    2263
15151061    2264
15151062    2265
15152001    2266
15152002    2267
15152003    2268
15152004    2269
15152005    2270
15152006    2271
15152007    2272
15152008    2273
15152009    2274
15152010    2275
15152011    2276
15152012    2277
15152013    2278
15152014    2279
15152015    2280
15152016    2281
15152017    2282
15152018    2283
15152020    2284
15152031    2285
15152032    2286
15152033    2287
15152034    2288
15152036    2289
15152038    2290
15152039    2291
15152040    2292
15152041    2293
15152042    2294
15152043    2295
15152044    2296
15152046    2297
15152047    2298
15152048    2299
15152049    2300
15152050    2301
15152051    2302
15152052    2303
15152053    2304
15152054    2305
15152055    2306
15152057    2307
15152058    2308
15153001    2309
15153002    2310
15153003    2311
15153004    2312
15153006    2313
15153007    2314
15153008    2315
15153009    2316
15153010    2317
15153011    2318
15153012    2319
15153013    2320
15153014    2321
15153015    2322
15153017    2323
15153018    2324
15153019    2325
15153022    2326
15153034    2327
15153035    2328
15153036    2329
15153037    2330
15153038    2331
15153040    2332
15153041    2333
15153042    2334
15153043    2335
15153044    2336
15153045    2337
15153046    2338
15153047    2339
15153048    2340
15153049    2341
15153050    2342
15153052    2343
15153053    2344
15153054    2345
15153055    2346
15153056    2347
15153057    2348
15153058    2349
15154001    2350
15154002    2351
15154003    2352
15154008    2353
15154009    2354
15154010    2355
15154011    2356
15154012    2357
15154013    2358
15154014    2359
15154015    2360
15154016    2361
15154017    2362
15154018    2363
15154021    2364
15154022    2365
15154023    2366
15154024    2367
15155004    2368
15155005    2369
15155006    2370
15155007    2371
15155008    2372
15155009    2373
15155010    2374
15156001    2375
15156002    2376
15156003    2377
15156004    2378
15156007    2379
15156008    2380
15156010    2381
15156011    2382
15156014    2383
15156015    2384
15156016    2385
15156017    2386
15156019    2387
15156020    2388
15156021    2389
15156022    2390
15156023    2391
15156024    2392
15156039    2393
15156040    2394
15156041    2395
15156042    2396
15156043    2397
15157004    2398
15157006    2399
15157007    2400
15157009    2401
15157011    2402
15157012    2403
15157013    2404
15157014    2405
15157015    2406
15157016    2407
15157017    2408
15157020    2409
15157022    2410
15157023    2411
15157024    2412
15157025    2413
15157028    2414
15157034    2415
15157039    2416
15157045    2417
15157046    2418
15157047    2419
15157048    2420
15157049    2421
15157050    2422
15157051    2423
15157052    2424
15157053    2425
15157054    2426
15157055    2427
15157056    2428
15157057    2429
15157058    2430
15157059    2431
15157060    2432
15157061    2433
15158001    2434
15158024    2435
15158025    2436
15158026    2437
15158027    2438
15158028    2439
15158029    2440
15158031    2441
15158032    2442
15158033    2443
15158034    2444
15158035    2445
15158036    2446
15158037    2447
15158038    2448
15158039    2449
15158040    2450
15158057    2451
15158058    2452
15158059    2453
15158060    2454
15158061    2455
15158062    2456
15158063    2457
15158064    2458
15158070    2459
15159001    2460
15159002    2461
15159003    2462
15159004    2463
15159005    2464
15159006    2465
15159007    2466
15159008    2467
15159009    2468
15159016    2469
15159017    2470
15159018    2471
15159019    2472
15159021    2473
15159024    2474
15159025    2475
15159026    2476
15159027    2477
15159028    2478
15159029    2479
15159030    2480
15159031    2481
15159032    2482
15159033    2483
15159034    2484
15159035    2485
15159036    2486
15159039    2487
15159040    2488
15159041    2489
15159042    2490
15159043    2491
15159044    2492
15159045    2493
15159046    2494
15159049    2495
15159051    2496
15159054    2497
15159055    2498
15160001    2499
15160002    2500
15160003    2501
15160004    2502
15160005    2503
15160006    2504
15160007    2505
15160029    2506
15160030    2507
15160032    2508
15160033    2509
15160034    2510
15160035    2511
15160036    2512
15160037    2513
15160038    2514
15160039    2515
15160040    2516
15160041    2517
15160042    2518
15160043    2519
15160044    2520
15160045    2521
15160046    2522
15160047    2523
15160048    2524
15160050    2525
15161001    2526
15161002    2527
15161003    2528
15161004    2529
15161005    2530
15161006    2531
15161007    2532
15161008    2533
15161009    2534
15161010    2535
15161011    2536
15161012    2537
15161013    2538
15161014    2539
15161015    2540
15161016    2541
15161017    2542
15161018    2543
15161019    2544
15161020    2545
15161021    2546
15161022    2547
15161036    2548
15161037    2549
15161043    2550
15161048    2551
15161051    2552
15161053    2553
15161054    2554
15161055    2555
15161056    2556
15161057    2557
15161058    2558
15161059    2559
15161060    2560
15161061    2561
15161062    2562
15161063    2563
15161064    2564
15161065    2565
15161066    2566
15161067    2567
15161068    2568
15161069    2569
15161070    2570
15161071    2571
15161072    2572
15162001    2573
15162004    2574
15162005    2575
15162006    2576
15162010    2577
15162011    2578
15162012    2579
15162013    2580
15162014    2581
15162015    2582
15162016    2583
15162017    2584
15162018    2585
15162019    2586
15162020    2587
15162021    2588
15162022    2589
15162023    2590
15162024    2591
15162025    2592
15162026    2593
15162027    2594
15162028    2595
15162029    2596
15162030    2597
15162031    2598
15162032    2599
15162041    2600
15162042    2601
15162043    2602
15162044    2603
15162045    2604
15162046    2605
15162047    2606
15162048    2607
15162049    2608
15162050    2609
15162051    2610
15162053    2611
15162054    2612
15162055    2613
15163001    2614
15163002    2615
15163003    2616
15163004    2617
15163005    2618
15163006    2619
15163007    2620
15163008    2621
15163009    2622
15163010    2623
15163017    2624
15163018    2625
15163019    2626
15163020    2627
15163021    2628
15163022    2629
15163023    2630
15163024    2631
15163025    2632
15163026    2633
15163027    2634
15163028    2635
15163029    2636
15163033    2637
15163034    2638
15163035    2639
15163048    2640
15163049    2641
15163050    2642
15163051    2643
15163052    2644
15163053    2645
15163054    2646
15163055    2647
15163056    2648
15163057    2649
15163058    2650
15163059    2651
15163060    2652
15163061    2653
15163062    2654
15164001    2655
15164002    2656
15164003    2657
15164023    2658
15164024    2659
15164028    2660
15164030    2661
15164032    2662
15164033    2663
15164034    2664
15164036    2665
15164037    2666
15164039    2667
15164040    2668
15164041    2669
15164042    2670
15164043    2671
15164044    2672
15164045    2673
15164046    2674
15164047    2675
15164048    2676
15164049    2677
15164060    2678
15164061    2679
15164062    2680
15164063    2681
15164064    2682
15164065    2683
15164066    2684
15164067    2685
15164068    2686
15164069    2687
15164070    2688
15164071    2689
15165001    2690
15165002    2691
15165003    2692
15165008    2693
15165009    2694
15165021    2695
15165022    2696
15165023    2697
15165024    2698
15165025    2699
15165026    2700
15165027    2701
15165028    2702
15165029    2703
15165031    2704
15165033    2705
15165034    2706
15165035    2707
15165036    2708
15165037    2709
15165038    2710
15165039    2711
15165040    2712
15165041    2713
15165042    2714
15165043    2715
15165044    2716
15165045    2717
15165046    2718
15165047    2719
15165049    2720
15165050    2721
15165051    2722
15165052    2723
15165053    2724
15165054    2725
15165055    2726
15165056    2727
15165057    2728
15165058    2729
15165059    2730
15166004    2731
15166005    2732
15166006    2733
15166007    2734
15166008    2735
15166009    2736
15166010    2737
15166013    2738
15166014    2739
15166015    2740
15166016    2741
15166017    2742
15166023    2743
15166024    2744
15166025    2745
15166026    2746
15166027    2747
15166028    2748
15166029    2749
15166030    2750
15166031    2751
15166032    2752
15166033    2753
15166034    2754
15166035    2755
15166036    2756
15166037    2757
15166038    2758
15166039    2759
15166040    2760
15166041    2761
15166042    2762
15166043    2763
15166044    2764
15166045    2765
15166046    2766
15166047    2767
15167001    2768
15167002    2769
15167006    2770
15167007    2771
15167008    2772
15167009    2773
15167011    2774
15167012    2775
15167013    2776
15167014    2777
