19130060    0
19130071    1
19130077    2
19130078    3
19130079    4
19130084    5
19130085    6
19130086    7
19131001    8
19131003    9
19131004    10
19131005    11
19131006    12
19131007    13
19131009    14
19131010    15
19131012    16
19131013    17
19131014    18
19131015    19
19131016    20
19131019    21
19131020    22
19131026    23
19131027    24
19131030    25
19131031    26
19131037    27
19131039    28
19131040    29
19131041    30
19131042    31
19131044    32
19131045    33
19131046    34
19131048    35
19131049    36
19131050    37
19131051    38
19131052    39
19131054    40
19131055    41
19131056    42
19131057    43
19131060    44
19131061    45
19131062    46
19132001    47
19132004    48
19132005    49
19132006    50
19132007    51
19132008    52
19132011    53
19132013    54
19132014    55
19132016    56
19132017    57
19132019    58
19132020    59
19132021    60
19132022    61
19132026    62
19132027    63
19132029    64
19132030    65
19132031    66
19132032    67
19132034    68
19132035    69
19132036    70
19132037    71
19132038    72
19132039    73
19132043    74
19132044    75
19132045    76
19132046    77
19132047    78
19132048    79
19132063    80
19132064    81
19132065    82
19132070    83
19132071    84
19132073    85
19132074    86
19132075    87
19132076    88
19132078    89
19132079    90
19132080    91
19132081    92
19132082    93
19132083    94
19133002    95
19133003    96
19133004    97
19133005    98
19133008    99
19133009    100
19133010    101
19133012    102
19133013    103
19133014    104
19133016    105
19133017    106
19133018    107
19133021    108
19133022    109
19133023    110
19133025    111
19133026    112
19133027    113
19133028    114
19133030    115
19133031    116
19133032    117
19133033    118
19133038    119
19133039    120
19133040    121
19133041    122
19133043    123
19133044    124
19133045    125
19133047    126
19133048    127
19133049    128
19133050    129
19133053    130
19133054    131
19133055    132
19133056    133
19133058    134
19133059    135
19133060    136
19133061    137
19134002    138
19134003    139
19134004    140
19134005    141
19134007    142
19134008    143
19134009    144
19134010    145
19134011    146
19134013    147
19134014    148
19134016    149
19134017    150
19134018    151
19134019    152
19134023    153
19134024    154
19134025    155
19134027    156
19134028    157
19134029    158
19134030    159
19134035    160
19134036    161
19134037    162
19134038    163
19134040    164
19134041    165
19134042    166
19134044    167
19134045    168
19134046    169
19134047    170
19134049    171
19134050    172
19135001    173
19135003    174
19135004    175
19135005    176
19135011    177
19135012    178
19135013    179
19135014    180
19135016    181
19135017    182
19135018    183
19135020    184
19135021    185
19135022    186
19135027    187
19135028    188
19135029    189
19135037    190
19135038    191
19135039    192
19135040    193
19135042    194
19135043    195
19136001    196
19136003    197
19136004    198
19136005    199
19136007    200
19136008    201
19136009    202
19136011    203
19136012    204
19136013    205
19136014    206
19136016    207
19136017    208
19136018    209
19136040    210
19136041    211
19136042    212
19136044    213
19136045    214
19136046    215
19136047    216
19136049    217
19137001    218
19137002    219
19137003    220
19137004    221
19137006    222
19137007    223
19137008    224
19137009    225
19137010    226
19137011    227
19137013    228
19137014    229
19137015    230
19137016    231
19137019    232
19137020    233
19137022    234
19137023    235
19137024    236
19137025    237
19137026    238
19137027    239
19137028    240
19137029    241
19137036    242
19137037    243
19137038    244
19137040    245
19137041    246
19137045    247
19137047    248
19137048    249
19137050    250
19137051    251
19137052    252
19137053    253
19137054    254
19137056    255
19137057    256
19137058    257
19137059    258
19138002    259
19138003    260
19138004    261
19138005    262
19138006    263
19138008    264
19138009    265
19138010    266
19138011    267
19138012    268
19138014    269
19138015    270
19138016    271
19138019    272
19138020    273
19138021    274
19138025    275
19138026    276
19138027    277
19138028    278
19139022    279
19139023    280
19139024    281
19139026    282
19139027    283
19139028    284
19139032    285
19139033    286
19139034    287
19139037    288
19139038    289
19139039    290
19139041    291
19139043    292
19139044    293
19139058    294
19139063    295
19139064    296
19139066    297
19139067    298
19139068    299
19139069    300
19139071    301
19139072    302
19139073    303
19140002    304
19140003    305
19140004    306
19140006    307
19140007    308
19140008    309
19140009    310
19140010    311
19140011    312
19140012    313
19140014    314
19140015    315
19140016    316
19140017    317
19140020    318
19140021    319
19140022    320
19140025    321
19140030    322
19140031    323
19140035    324
19140036    325
19140037    326
19140040    327
19140041    328
19140042    329
19140043    330
19140045    331
19140046    332
19140047    333
19140051    334
19140052    335
19140053    336
19140055    337
19140056    338
19141001    339
19141003    340
19141004    341
19141005    342
19141006    343
19141008    344
19141009    345
19141010    346
19141011    347
19141013    348
19141014    349
19141015    350
19141018    351
19141019    352
19141020    353
19141021    354
19141022    355
19141024    356
19141025    357
19141026    358
19141028    359
19141029    360
19141030    361
19141047    362
19141048    363
19141049    364
19141051    365
19141052    366
19141053    367
19142001    368
19142002    369
19142003    370
19142005    371
19142006    372
19142007    373
19142008    374
19142010    375
19142011    376
19142012    377
19142014    378
19142015    379
19142016    380
19142018    381
19142019    382
19142020    383
19142021    384
19142022    385
19142027    386
19142034    387
19142035    388
19142038    389
19142039    390
19142041    391
19142045    392
19142048    393
19142049    394
19142053    395
19142054    396
19142055    397
19142057    398
19142058    399
19142059    400
19142062    401
19142064    402
19142065    403
19142068    404
19143001    405
19143003    406
19143006    407
19143007    408
19143008    409
19143009    410
19143010    411
19143011    412
19143012    413
19143013    414
19143014    415
19143015    416
19143016    417
19143017    418
19144012    419
19144013    420
19144014    421
19144018    422
19144019    423
19144020    424
19144024    425
19144025    426
19144026    427
19144031    428
19144032    429
19144033    430
19144036    431
19144037    432
19144038    433
19144042    434
19144043    435
19144044    436
19144046    437
19144047    438
19145001    439
19145004    440
19145005    441
19145006    442
19145008    443
19145009    444
19145010    445
19145011    446
19145013    447
19145014    448
19145015    449
19145017    450
19145019    451
19145020    452
19145028    453
19145031    454
19145034    455
19145035    456
19145036    457
19145038    458
19145039    459
19145040    460
19145042    461
19145043    462
19145044    463
19145047    464
19145048    465
19145050    466
19146002    467
19146003    468
19146004    469
19146006    470
19146007    471
19146008    472
19146009    473
19146012    474
19146013    475
19146014    476
19146016    477
19146017    478
19146019    479
19146020    480
19146024    481
19146025    482
19146026    483
19147007    484
19147008    485
19147009    486
19147010    487
19147014    488
19147015    489
19147016    490
19147021    491
19147022    492
19147023    493
19147025    494
19147026    495
19147027    496
19147029    497
19147030    498
19147031    499
19147033    500
19147034    501
19147035    502
19147038    503
19147039    504
19147040    505
19147042    506
19147043    507
19147044    508
19147046    509
19147047    510
19147048    511
19148002    512
19148003    513
19148004    514
19148007    515
19148008    516
19148009    517
19148011    518
19148012    519
19148013    520
19148015    521
19148016    522
19148017    523
19148021    524
19148022    525
19148023    526
19148024    527
19148050    528
19148051    529
19148052    530
19149002    531
19149003    532
19149007    533
19149008    534
19149009    535
19149012    536
19149013    537
19149014    538
19149015    539
19149017    540
19149018    541
19149023    542
19149024    543
19149025    544
19149030    545
19149031    546
19149032    547
19149035    548
19149037    549
19149038    550
19149039    551
19149042    552
19149043    553
19149044    554
19149046    555
19149047    556
19149048    557
19149050    558
19149051    559
19149052    560
19149054    561
19149055    562
19150001    563
19150005    564
19150006    565
19150007    566
19150009    567
19150010    568
19150011    569
19150013    570
19150014    571
19150016    572
19150017    573
19150018    574
19155057    575
19155058    576
19156001    577
19156002    578
19156004    579
19156005    580
19156006    581
19156008    582
19156009    583
19156011    584
19156013    585
19156014    586
19156015    587
19156018    588
19156019    589
19156030    590
19156031    591
19156032    592
19156033    593
19156042    594
19156043    595
19156044    596
19156045    597
19156046    598
19156047    599
19157002    600
19157003    601
19157004    602
19157006    603
19157007    604
19157008    605
19157012    606
19157013    607
19157015    608
19157017    609
19157018    610
19158003    611
19158007    612
19158009    613
19158010    614
19158011    615
19158013    616
19158014    617
19158015    618
19158017    619
19158018    620
19158019    621
19158020    622
19158059    623
19158060    624
19158062    625
19159001    626
19159003    627
19159004    628
19159006    629
19159007    630
19159008    631
19159010    632
19159011    633
19159012    634
19159014    635
19159015    636
19159016    637
19159018    638
19159019    639
19159021    640
19159023    641
19159024    642
19159025    643
19159039    644
19159040    645
19159041    646
19160002    647
19160003    648
19160004    649
19160006    650
19160007    651
19160008    652
19160010    653
19160011    654
19160012    655
19160014    656
19160015    657
19160016    658
19160018    659
19160019    660
19160020    661
19160021    662
19160023    663
19160024    664
19160025    665
19160027    666
19160028    667
19160029    668
19161003    669
19161004    670
19161005    671
19161007    672
19161008    673
19161009    674
19161011    675
19161012    676
19161013    677
19161015    678
19161016    679
19161017    680
19161048    681
19161049    682
19161050    683
19161051    684
19161053    685
19162002    686
19162005    687
19162006    688
19162008    689
19162009    690
19162010    691
19162013    692
19162014    693
19162015    694
19162017    695
19162018    696
19162019    697
19162021    698
19162022    699
19162023    700
19162030    701
19162031    702
19162032    703
19162036    704
19162037    705
19162038    706
19162040    707
19162041    708
19162042    709
19163006    710
19163007    711
19163008    712
19163010    713
19163011    714
19163012    715
19163014    716
19163015    717
19163016    718
19163018    719
19163019    720
19163020    721
19163039    722
19163040    723
19163041    724
19164004    725
19164005    726
19164006    727
19164008    728
19164009    729
19164010    730
19164011    731
19164012    732
19164014    733
19164015    734
19164016    735
19164017    736
19165002    737
19165003    738
19165004    739
19165006    740
19165007    741
19165008    742
19165009    743
19165011    744
19165012    745
19165013    746
19165015    747
19165016    748
19165017    749
19165018    750
19165020    751
19165021    752
19165027    753
19165028    754
19165029    755
19166006    756
19166007    757
19166008    758
19166011    759
19166012    760
19166014    761
19166015    762
19167003    763
19167004    764
19167005    765
19167007    766
19167008    767
19167009    768
19167011    769
19167012    770
19167013    771
19167015    772
19167016    773
19167017    774
19167021    775
19167022    776
19167023    777
19167025    778
19167026    779
19167027    780
19167028    781
19167030    782
19167031    783
19167032    784
19167034    785
19167035    786
19167042    787
19167044    788
19167045    789
19167046    790
19167049    791
19168025    792
19168026    793
19168028    794
19168029    795
19168030    796
19168033    797
19168034    798
19168036    799
19168038    800
19168039    801
19168040    802
