19071038    0
19071078    1
19072008    2
19072010    3
19072012    4
19072043    5
19072044    6
19072045    7
19072046    8
19072048    9
19072050    10
19072051    11
19072052    12
19072053    13
19072055    14
19072056    15
19072057    16
19073001    17
19073002    18
19073003    19
19073004    20
19073005    21
19073006    22
19073008    23
19073009    24
19073010    25
19073011    26
19073012    27
19073013    28
19073014    29
19073015    30
19073019    31
19073020    32
19073023    33
19073033    34
19073034    35
19073035    36
19073036    37
19073037    38
19073039    39
19073040    40
19073041    41
19073042    42
19073047    43
19073049    44
19073052    45
19073053    46
19073054    47
19074053    48
19074054    49
19074055    50
19074056    51
19074057    52
19074058    53
19074059    54
19074060    55
19074061    56
19074062    57
19074063    58
19074064    59
19074065    60
19074066    61
19074067    62
19074068    63
19074069    64
19074070    65
19074072    66
19074073    67
19074074    68
19074075    69
19074087    70
19074088    71
19074089    72
19074090    73
19074092    74
19074093    75
19074094    76
19074095    77
19074096    78
19074097    79
19074098    80
19074099    81
19074100    82
19074101    83
19074102    84
19074103    85
19074104    86
19074105    87
19074106    88
19074107    89
19074108    90
19074109    91
19074110    92
19074111    93
19074112    94
19075001    95
19075002    96
19075003    97
19075004    98
19075005    99
19075006    100
19075007    101
19075008    102
19075009    103
19075010    104
19075011    105
19075017    106
19075018    107
19075019    108
19075020    109
19075021    110
19075022    111
19075023    112
19075024    113
19075025    114
19075028    115
19075032    116
19075033    117
19076039    118
19076040    119
19076042    120
19076043    121
19076044    122
19076045    123
19076046    124
19076047    125
19076048    126
19076049    127
19076050    128
19076051    129
19076052    130
19076053    131
19076054    132
19076055    133
19076056    134
19076057    135
19076058    136
19076059    137
19077001    138
19077002    139
19077003    140
19077004    141
19077005    142
19077006    143
19077007    144
19077008    145
19077009    146
19077010    147
19077011    148
19077012    149
19077013    150
19077014    151
19077015    152
19077016    153
19077017    154
19077018    155
19077019    156
19077020    157
19077021    158
19077025    159
19077026    160
19078025    161
19078027    162
19078028    163
19078029    164
19078030    165
19078031    166
19078032    167
19078033    168
19078034    169
19078038    170
19078039    171
19078040    172
19078041    173
19078042    174
19079001    175
19079002    176
19079003    177
19079004    178
19079005    179
19079006    180
19079007    181
19079008    182
19079009    183
19079010    184
19079011    185
19079012    186
19079013    187
19079014    188
19079015    189
19079016    190
19079017    191
19079018    192
19079020    193
19079021    194
19079022    195
19079023    196
19079024    197
19079025    198
19079026    199
19079027    200
19079028    201
19079029    202
19079030    203
19079031    204
19079032    205
19079033    206
19079034    207
19079035    208
19079037    209
19081032    210
19081033    211
19081034    212
19081035    213
19081039    214
19081044    215
19081046    216
19081047    217
19081048    218
19081049    219
19081050    220
19081051    221
19081052    222
19081053    223
19081054    224
19081055    225
19081056    226
19081057    227
19081058    228
19081059    229
19081060    230
19081061    231
19081062    232
19082001    233
19082002    234
19082003    235
19082004    236
19082005    237
19082006    238
19082007    239
19082008    240
19082009    241
19082010    242
19082011    243
19082012    244
19082013    245
19082014    246
19082016    247
19082017    248
19082018    249
19082019    250
19082020    251
19082021    252
19083048    253
19083049    254
19083050    255
19083051    256
19083052    257
19083053    258
19083054    259
19083055    260
19083056    261
19083057    262
19083058    263
19083059    264
19083060    265
19083061    266
19083062    267
19083063    268
19083064    269
19083065    270
19083066    271
19083067    272
19084001    273
19084002    274
19084003    275
19084004    276
19084005    277
19084006    278
19084007    279
19084008    280
19084009    281
19084010    282
19084011    283
19084012    284
19084013    285
19084022    286
19084024    287
19084025    288
19084026    289
19084027    290
19084028    291
19084029    292
19084030    293
19084031    294
19084032    295
19084033    296
19084034    297
19084035    298
19084036    299
19084037    300
19084038    301
19084039    302
19085038    303
19085039    304
19085040    305
19085041    306
19085042    307
19085043    308
19085044    309
19085046    310
19085047    311
19085048    312
19085049    313
19085050    314
19085051    315
19085052    316
19085053    317
19085054    318
19085058    319
19085059    320
19085060    321
19085061    322
19085062    323
19085063    324
19086001    325
19086002    326
19086003    327
19086004    328
19086005    329
19086006    330
19086007    331
19086008    332
19086010    333
19086011    334
19086012    335
19086013    336
19086014    337
19086015    338
19086016    339
19086017    340
19086018    341
19086019    342
19086020    343
19086021    344
19086022    345
19086026    346
19086027    347
19088002    348
19088003    349
19088004    350
19088005    351
19088006    352
19088007    353
19088008    354
19088009    355
19088010    356
19088011    357
19088012    358
19088013    359
19088014    360
19088050    361
19088051    362
19088052    363
19088053    364
19088054    365
19088055    366
19088056    367
19088057    368
19088058    369
19088059    370
19088060    371
19088061    372
19088062    373
19088063    374
19088064    375
19088065    376
19088066    377
19088067    378
19088068    379
19088069    380
19088070    381
19089004    382
19089005    383
19089006    384
19089007    385
19089008    386
19089009    387
19089010    388
19089011    389
19089012    390
19089013    391
19089014    392
19089015    393
19089016    394
19089017    395
19089018    396
19089019    397
19089022    398
19089023    399
19089024    400
19089025    401
19089028    402
19089029    403
19089030    404
19089031    405
19089032    406
19089033    407
19090032    408
19090035    409
19090036    410
19090037    411
19090038    412
19090039    413
19090040    414
19090041    415
19090042    416
19090043    417
19090044    418
19090045    419
19090046    420
19090047    421
19090048    422
19090049    423
19090050    424
19090051    425
19090052    426
19090053    427
19090054    428
19090055    429
19091001    430
19091002    431
19091003    432
19091004    433
19091007    434
19091008    435
19091009    436
19091010    437
19091011    438
19091012    439
19091013    440
19091014    441
19091015    442
19091016    443
19091017    444
19091018    445
19091019    446
19091020    447
19091021    448
19091022    449
19091023    450
19091026    451
19091027    452
19091028    453
19091029    454
19092048    455
19092049    456
19092050    457
19092051    458
19092052    459
19092053    460
19092054    461
19092055    462
19092056    463
19092057    464
19092058    465
19092064    466
19092074    467
19092077    468
19092078    469
19092079    470
19092080    471
19092081    472
19092083    473
19092084    474
19092085    475
19092086    476
19092087    477
19092088    478
19092089    479
19092090    480
19092091    481
19092092    482
19092093    483
19092094    484
19092095    485
19092096    486
19092097    487
19093001    488
19093002    489
19093003    490
19093004    491
19093005    492
19093006    493
19093007    494
19093008    495
19093009    496
19093010    497
19093011    498
19093012    499
19093013    500
19093014    501
19093015    502
19093016    503
19093017    504
19093018    505
19094075    506
19094076    507
19094077    508
19094078    509
19094079    510
19094080    511
19094081    512
19094082    513
19094083    514
19094084    515
19094085    516
19094086    517
19094087    518
19095001    519
19095002    520
19095003    521
19095004    522
19095005    523
19095006    524
19095007    525
19095008    526
19095009    527
19095025    528
19095026    529
19095027    530
19095028    531
19095029    532
19095030    533
19095031    534
19095032    535
19095033    536
19096051    537
19096052    538
19096053    539
19096054    540
19096055    541
19096056    542
19096057    543
19096058    544
19097001    545
19097002    546
19097003    547
19097004    548
19097005    549
19097006    550
19097015    551
19097016    552
19097017    553
19097018    554
19097019    555
19097020    556
19097021    557
19097022    558
19097023    559
19097024    560
19097025    561
19097026    562
19097027    563
19097028    564
19097029    565
19097030    566
19097031    567
19097032    568
19097033    569
19097034    570
19097035    571
19097036    572
19097037    573
19097038    574
19097039    575
19097040    576
19097041    577
19097042    578
19097043    579
19097044    580
19097045    581
19097046    582
19097047    583
19097048    584
19097049    585
19097051    586
19097052    587
19097053    588
19097054    589
19097055    590
19097056    591
19097057    592
19097058    593
19097059    594
19097060    595
19097061    596
19097062    597
19097063    598
19097064    599
19097065    600
19097066    601
19097067    602
19098052    603
19098053    604
19098054    605
19098055    606
19098056    607
19098057    608
19098058    609
19098059    610
19098060    611
19099001    612
19099002    613
19099003    614
19099004    615
19099005    616
19099006    617
19099007    618
19099008    619
19099009    620
19099010    621
19099011    622
19099012    623
19099013    624
19099014    625
19099015    626
19099016    627
19099017    628
19099018    629
19099019    630
19099020    631
19099021    632
19099022    633
19099023    634
19099024    635
19099031    636
19099032    637
19099033    638
19099034    639
19099035    640
19099036    641
19099037    642
19099038    643
19099039    644
19099040    645
19099041    646
19100045    647
19100046    648
19100047    649
19100048    650
19100049    651
19100050    652
19100051    653
19100052    654
19100054    655
19100055    656
19100056    657
19100057    658
19100058    659
19101001    660
19101002    661
19101003    662
19101004    663
19101005    664
19101006    665
19101007    666
19101008    667
19101009    668
19101010    669
19101011    670
19101012    671
19101013    672
19101014    673
19101015    674
19101016    675
19102041    676
19102042    677
19102043    678
19102044    679
19102045    680
19102046    681
19102047    682
19102048    683
19102049    684
19102050    685
19102051    686
19102052    687
19102053    688
19102054    689
19102055    690
19102056    691
19103007    692
19103008    693
19103009    694
19103010    695
19103011    696
19103012    697
19103013    698
19103014    699
19103015    700
19103016    701
19103017    702
19103018    703
19103019    704
19103021    705
19103022    706
19103025    707
19103026    708
19103027    709
19103028    710
19103029    711
19103030    712
19103031    713
19103032    714
19103033    715
19104030    716
19104031    717
19104032    718
19104033    719
19104034    720
19104035    721
19104036    722
19104037    723
19104038    724
19104041    725
19105005    726
19105006    727
19105007    728
19105008    729
19105009    730
19105010    731
19105011    732
19105012    733
19105013    734
19105014    735
19105015    736
19105016    737
19105017    738
19105018    739
19105019    740
19105020    741
19105021    742
19105022    743
19105023    744
19105024    745
19105025    746
19105026    747
19105027    748
19105028    749
19105029    750
19105030    751
19105031    752
19105032    753
19105033    754
19105034    755
19105035    756
19105036    757
19105037    758
19105038    759
19105039    760
19105040    761
19105041    762
19105042    763
19105043    764
19105045    765
19105046    766
19105047    767
19105048    768
19106043    769
19106044    770
19106045    771
19106046    772
19106047    773
19106048    774
19106049    775
19106050    776
19106051    777
19106052    778
19106053    779
19106054    780
19106055    781
19107001    782
19107002    783
19107003    784
19107004    785
19107005    786
19107006    787
19107010    788
19107011    789
19107012    790
19107013    791
19107014    792
19107015    793
19107016    794
19107017    795
19107018    796
19107020    797
19107021    798
19107022    799
19107023    800
19107024    801
19107025    802
19107026    803
19107027    804
19107028    805
19107029    806
19107030    807
19107031    808
19107032    809
19107033    810
19107034    811
19107035    812
19107036    813
19108057    814
19109001    815
19109002    816
19109003    817
19109004    818
19109005    819
19109006    820
19109007    821
19109008    822
19109009    823
19109010    824
19109011    825
19109012    826
19109013    827
19109014    828
19109015    829
19109016    830
19109017    831
19109018    832
19109019    833
19109020    834
19109021    835
19109024    836
19109025    837
19109026    838
19110036    839
19110037    840
19110038    841
19110039    842
19110041    843
19110042    844
19110043    845
19110044    846
19110045    847
19110046    848
19110047    849
19110048    850
19110049    851
19110050    852
19110051    853
19110052    854
19111001    855
19111002    856
19111003    857
19111004    858
19111005    859
19111006    860
19111007    861
19111008    862
19111009    863
19111010    864
19111011    865
19111012    866
19111013    867
19111014    868
19111015    869
19111016    870
19111017    871
19111018    872
19111019    873
19111020    874
19111021    875
19111022    876
19111023    877
19111024    878
19111025    879
19111026    880
19111027    881
19111028    882
19112035    883
19112036    884
19112037    885
19112038    886
19112039    887
19112040    888
19112041    889
19112042    890
19112043    891
19112044    892
19112045    893
19112046    894
19112047    895
19112048    896
19112049    897
19112050    898
19112051    899
19112052    900
19112053    901
19112054    902
19112055    903
19112056    904
19112057    905
19112058    906
19112059    907
19113001    908
19113002    909
19113003    910
19113004    911
19113005    912
19113006    913
19113007    914
19113008    915
19113009    916
19113010    917
19113011    918
19113012    919
19113013    920
19113014    921
19113015    922
19113016    923
19113017    924
19113018    925
19113019    926
19114037    927
19114038    928
19114039    929
19114040    930
19114041    931
19114042    932
19114043    933
19114044    934
19114045    935
19114046    936
19114047    937
19114048    938
19114049    939
19114050    940
19114051    941
19114052    942
19114053    943
19114054    944
19115001    945
19115002    946
19115003    947
19115004    948
19115005    949
19115006    950
19115007    951
19115008    952
19115009    953
19115010    954
19115011    955
19115012    956
19115013    957
19115014    958
19115015    959
19115016    960
19115017    961
19115018    962
19115019    963
19115020    964
19117028    965
19117029    966
19117030    967
19117031    968
19117032    969
19117033    970
19117034    971
19117035    972
19117036    973
19117037    974
19117038    975
19118001    976
19118002    977
19118003    978
19118004    979
19118005    980
19118006    981
19118007    982
19118008    983
19118009    984
19118010    985
19118011    986
19118012    987
19118013    988
19118014    989
19118015    990
19118016    991
19118017    992
19118020    993
19118021    994
19118025    995
19118026    996
19118027    997
19118028    998
19118029    999
19118030    1000
19118031    1001
19118032    1002
19118033    1003
19118034    1004
19118035    1005
19118036    1006
19119031    1007
19119032    1008
19119033    1009
19119034    1010
19119035    1011
19119036    1012
19119037    1013
19119038    1014
19119039    1015
19119040    1016
19119041    1017
19119042    1018
19119043    1019
19119044    1020
19119045    1021
19119046    1022
19119047    1023
19119048    1024
19119049    1025
19119050    1026
19119051    1027
19119052    1028
19120001    1029
19120002    1030
19120003    1031
19120004    1032
19120005    1033
19120006    1034
19120007    1035
19120008    1036
19120009    1037
19120010    1038
19120011    1039
19120012    1040
19120013    1041
19120014    1042
19120015    1043
19120016    1044
19120017    1045
19120018    1046
19120019    1047
19120020    1048
19120021    1049
19120022    1050
19120023    1051
19120024    1052
19120025    1053
19120026    1054
19120027    1055
19120028    1056
19120029    1057
19120030    1058
19120031    1059
19121024    1060
19121025    1061
19121026    1062
19121027    1063
19121028    1064
19121029    1065
19121030    1066
19121031    1067
19121032    1068
19121033    1069
19121034    1070
19121035    1071
19121036    1072
19121037    1073
19121038    1074
19121039    1075
19121040    1076
19121041    1077
19121042    1078
19121043    1079
19121044    1080
19121045    1081
19121046    1082
19121047    1083
19121048    1084
19121049    1085
19121050    1086
19121051    1087
19121052    1088
19121053    1089
19121054    1090
19122001    1091
19122002    1092
19122003    1093
19122004    1094
19122005    1095
19122006    1096
19122007    1097
19122008    1098
19122009    1099
19122010    1100
19122011    1101
19122012    1102
19122013    1103
19122014    1104
19122015    1105
19122016    1106
19122017    1107
19122018    1108
19122019    1109
19124046    1110
19124047    1111
19124048    1112
19124049    1113
19124050    1114
19124051    1115
19124052    1116
19124053    1117
19124054    1118
19124055    1119
19124056    1120
19124057    1121
19124058    1122
19124059    1123
19124060    1124
19124061    1125
19124062    1126
19124063    1127
19125001    1128
19125002    1129
19125003    1130
19125004    1131
19125005    1132
19125006    1133
19125007    1134
19125008    1135
19125009    1136
19125010    1137
19125011    1138
19125012    1139
19125013    1140
19125017    1141
19125018    1142
19125019    1143
19125020    1144
19125021    1145
19125022    1146
19126024    1147
19126025    1148
19126027    1149
19126028    1150
19126029    1151
19126030    1152
19126031    1153
19126032    1154
19126033    1155
19126034    1156
19126035    1157
19126036    1158
19126037    1159
19126038    1160
19126039    1161
19126040    1162
19126041    1163
19126042    1164
19126043    1165
19126044    1166
19126045    1167
19126046    1168
19126047    1169
19126048    1170
19126049    1171
19126050    1172
19126051    1173
19126052    1174
19126053    1175
19126054    1176
19126055    1177
19127001    1178
19127002    1179
19127003    1180
19127004    1181
19127005    1182
19127006    1183
19127007    1184
19127008    1185
19127009    1186
19127010    1187
19127011    1188
19127012    1189
19127013    1190
19127014    1191
19127015    1192
19127016    1193
19127017    1194
19127018    1195
